IGKV1-39*01	70	102	148	168	265	287
IGKV1D-35*02	70	102	148	168	265	287
IGKV3/OR2-268*02	70	105	151	171	268	290
IGKV1D-42*01	70	102	148	168	265	287
IGKV2/OR2-7D*01	70	117	163	183	282	304
IGKV2-30*01	70	117	163	183	280	302
IGKV2D-38*01	10	57	103	123	220	240
IGKV3D-20*01	70	105	151	171	268	290
IGKV1D-16*01	70	102	148	168	265	287
IGKV1-35*02	70	102	148	168	265	287
IGKV2-40*01	70	120	166	186	283	305
IGKV2/OR2-7*01	70	117	163	183	282	304
IGKV3D-11*02	70	102	148	168	265	287
IGKV3/OR22-2*01	70	102	148	168	0	0
IGKV1-5*03	70	102	148	168	265	287
IGKV2D-30*01	70	117	163	183	280	302
IGKV1D-37*01	70	102	148	168	265	287
IGKV3D-31*02	71	103	149	169	266	288
IGKV1/OR22-5*02	70	102	148	168	265	287
IGKV4-1*01	70	120	166	186	283	305
IGKV3-11*02	70	102	148	168	265	287
IGKV2-23*01	70	117	163	183	201	212
IGKV1/OR-3*01	70	102	148	168	265	287
IGKV3/OR2-5*01	69	98	142	162	259	281
IGKV3-20*02	70	105	151	171	268	271
IGKV1-22*01	70	102	148	168	269	289
IGKV1/OR2-118*01	70	102	148	168	265	287
IGKV2/OR22-3*01	73	119	165	185	282	304
IGKV1D-8*02	70	102	148	168	265	287
IGKV3D-15*01	70	102	148	168	265	287
IGKV3D-7*01	70	105	151	171	268	290
IGKV1/OR-2*01	70	102	148	168	265	287
IGKV2-29*02	70	117	163	183	280	302
IGKV2-29*03	70	117	163	183	280	302
IGKV6-21*01	70	102	148	168	265	287
IGKV1/OR22-1*01	70	102	148	168	272	294
IGKV3D-25*01	70	100	146	148	237	259
IGKV2-38*01	10	57	103	123	220	240
IGKV1/OR2-2*01	70	102	148	168	265	287
IGKV2/OR2-2*01	69	116	162	182	278	300
IGKV2-4*01	70	117	163	183	280	302
IGKV1-5*02	70	102	148	168	265	287
IGKV2/OR2-4*01	70	117	163	183	282	304
IGKV2D-18*01	70	117	163	183	280	300
IGKV2-28*01	70	117	163	183	280	302
IGKV1/OR2-1*01	70	102	148	168	265	287
IGKV1-37*01	70	102	148	168	265	287
IGKV1-16*01	70	102	148	168	265	287
IGKV1D-13*02	70	102	148	168	265	287
IGKV3-7*01	70	105	151	171	268	290
IGKV1-12*01	70	102	148	168	265	287
IGKV1D-22*01	70	102	148	168	269	289
IGKV2D-10*01	70	117	163	183	279	301
IGKV3-11*01	70	102	148	168	265	287
IGKV1D-16*02	70	102	148	168	265	287
IGKV1-5*01	70	102	148	168	265	287
IGKV3D-11*03	70	102	148	168	265	287
IGKV1/OR15-118*01	70	102	148	168	265	287
IGKV2-14*01	69	116	162	182	279	301
IGKV2D-36*01	28	75	121	141	234	234
IGKV1/OR9-2*01	70	102	148	168	265	287
IGKV2D-26*03	70	117	163	183	280	302
IGKV1D-35*01	70	102	148	168	265	287
IGKV1D-13*01	70	102	148	168	265	287
IGKV1-12*02	70	102	148	168	265	287
IGKV1D-8*03	70	102	148	168	265	287
IGKV2D-28*01	70	117	163	183	280	302
IGKV1-35*01	70	102	148	168	265	287
IGKV3-7*04	70	105	151	171	268	290
IGKV2/OR2-1*01	70	117	163	183	282	304
IGKV7-3*01	70	114	160	180	277	299
IGKV1-39*02	70	102	148	168	265	287
IGKV1D-33*01	70	102	148	168	265	287
IGKV1-6*02	70	102	148	168	265	287
IGKV1/OR2-108*01	70	102	148	168	265	287
IGKV3D-15*02	70	102	148	168	265	287
IGKV2-19*01	28	75	121	141	238	258
IGKV3-34*01	70	102	148	168	266	288
IGKV2D-24*01	70	117	163	183	280	302
IGKV2-36*01	28	75	121	141	234	234
IGKV3D-20*02	70	105	151	171	268	290
IGKV2D-40*01	70	120	166	186	283	305
IGKV1-8*01	70	102	148	168	265	287
IGKV2-40*02	16	66	112	132	229	251
IGKV1/OR2-3*01	70	102	148	168	265	287
IGKV1-17*03	70	102	148	168	265	287
IGKV1/OR10-1*01	70	102	148	168	265	287
IGKV2D-26*02	70	117	163	183	280	300
IGKV2-30*02	70	117	163	183	280	302
IGKV2-24*01	70	117	163	183	280	302
IGKV1/OR1-1*01	70	102	148	168	265	287
IGKV3-15*01	70	102	148	168	265	287
IGKV2-10*01	70	117	163	183	279	301
IGKV1D-42*02	70	102	148	168	265	287
IGKV6-21*02	70	102	148	168	265	287
IGKV1-16*02	70	102	148	168	265	287
IGKV1-17*01	70	102	148	168	265	287
IGKV3D-34*01	70	102	148	168	266	288
IGKV1/ORY-1*01	70	102	148	168	265	287
IGKV2/OR2-10*01	69	116	162	182	278	300
IGKV5-2*01	70	102	148	168	265	287
IGKV2/OR2-8*01	69	116	162	182	278	300
IGKV2D-14*01	69	116	162	182	279	301
IGKV1-27*01	70	102	148	168	265	287
IGKV1-9*01	70	102	148	168	265	287
IGKV3-20*01	70	105	151	171	268	290
IGKV1/OR2-6*01	70	102	148	168	265	277
IGKV1D-27*01	70	102	148	168	266	288
IGKV3/OR2-268*01	70	105	151	171	268	290
IGKV1D-32*01	68	104	150	170	271	293
IGKV1/OR2-9*01	70	102	148	168	265	287
IGKV2-18*01	70	117	163	183	280	302
IGKV1D-12*01	70	102	148	168	265	287
IGKV1D-17*01	70	102	148	168	265	287
IGKV2D-29*01	70	117	163	183	280	302
IGKV3-25*01	70	100	146	148	245	267
IGKV3-7*02	70	105	151	171	268	290
IGKV1-32*01	68	104	150	170	271	293
IGKV3-31*01	68	100	146	166	263	283
IGKV1D-12*02	70	102	148	168	265	287
IGKV1-NL1*01	70	102	148	168	265	287
IGKV1-13*02	70	102	148	168	265	287
IGKV3D-15*03	70	102	148	168	265	287
IGKV1/OR-4*01	70	102	148	168	265	287
IGKV1D-39*01	70	102	148	168	265	287
IGKV1-6*01	70	102	148	168	265	287
IGKV3-7*03	70	105	151	171	268	290
IGKV2D-19*01	29	76	122	142	239	252
IGKV1-13*01	70	102	148	168	265	287
IGKV1/OR2-0*01	70	102	148	168	265	287
IGKV2D-29*02	70	117	163	183	280	302
IGKV1D-8*01	70	102	148	168	265	287
IGKV6D-21*01	70	102	148	168	265	287
IGKV6D-41*01	70	102	148	168	265	287
IGKV1/OR2-11*01	70	102	148	168	265	287
IGKV2/OR22-4*01	70	120	166	186	283	305
IGKV1D-43*01	70	102	148	168	265	287
IGKV2D-23*01	70	117	163	183	201	503
IGKV2D-26*01	70	117	163	183	280	302
IGKV1/OR22-5*01	70	102	148	168	265	287
IGKV2-29*01	70	117	163	183	280	302
IGKV3D-31*01	68	100	146	166	263	285
IGKV1/OR9-1*01	70	102	148	168	265	287
IGKV2-26*01	70	117	164	184	281	303
IGKV1-33*01	70	102	148	168	265	287
IGKV1-17*02	70	102	148	168	265	287
IGKV3D-11*01	70	102	148	168	265	287
IGKV6D-21*02	70	102	148	168	265	287