IGLV5-39*01_Z73668	67	108	154	186	289	312
IGLV3-22*01_Z73666	67	99	145	165	262	284
IGLV3-31*01_X97469	67	99	145	165	262	290
IGLV10-67*02_X92335	67	105	149	169	265	293
IGLV7-35*01_Z73660	67	108	154	174	272	295
IGLV2-14*04_Y12413	44	85	131	151	248	274
IGLV2-18*02_L27697	67	108	154	174	271	297
IGLV(V)-66*01_D87004	67	100	146	178	278	301
IGLV2-23*02_Z73665	67	108	154	174	271	297
IGLV3-2*02_X57828	67	99	145	165	259	285
IGLV7-46*02_D86999	67	108	154	174	271	294
IGLV2-23*03_D86994	67	108	154	174	271	297
IGLV2-18*01_Z73642	67	108	154	174	271	297
IGLV(I)-68*01_D86993	67	105	149	169	265	293
IGLV1-36*01_Z73653	67	105	151	171	268	296
IGLV3-4*01_D87024	67	99	145	165	262	280
IGLV6-57*01_Z73673	67	105	151	171	274	296
IGLV3-22*02_X71967	67	99	149	169	266	288
IGLV4-69*02_U03868	67	102	148	180	277	299
IGLV10-54*03_S70116	67	105	151	171	268	296
IGLV3-32*01_Z73645	67	99	145	165	262	284
IGLV7-43*01_X14614	67	108	154	174	271	294
IGLV(I)-56*01_D86996	67	105	151	172	268	296
IGLV1-47*01_Z73663	67	105	151	171	268	296
IGLV8/OR8-1*01_Y08831	67	108	154	174	270	300
IGLV(I)-42*01_X14613	63	101	147	167	262	289
IGLV3-17*01_X97472	60	92	137	157	253	281
IGLV3-1*01_X57826	67	99	145	165	262	285
IGLV4-69*01_Z73648	67	102	148	180	277	299
IGLV3-25*03_L29165	67	99	145	165	262	282
IGLV4-3*01_X57828	67	102	148	180	277	314
IGLV5-45*01_Z73670	67	108	154	186	289	312
IGLV4-60*02_D87000	67	102	148	180	277	299
IGLV1-41*02_D87010	67	105	151	171	268	296
IGLV5-45*03_D86999	67	108	154	186	289	312
IGLV3-7*01_X97470	67	99	147	167	260	288
IGLV3-21*03_M94115	67	99	145	165	262	290
IGLV(VII)-41-1*01_X99568	0	0	0	0	0	0
IGLV1-40*01_M94116	67	108	154	174	271	299
IGLV3-21*01_X71966	67	99	145	165	262	290
IGLV5-48*02_KM455554	67	108	154	186	289	312
IGLV2-23*01_X14616	67	108	154	174	271	298
IGLV2-34*01_D87013	67	108	154	174	271	297
IGLV5-48*01_Z73649	67	108	154	186	289	312
IGLV1-47*02_D87016	67	105	151	171	268	296
IGLV8-61*03_AF266511	59	100	146	166	0	0
IGLV10-54*02_D86996	67	105	151	171	268	296
IGLV(IV)-64*01_D87022	63	104	149	181	284	319
IGLV3-25*02_D86994	67	99	145	165	262	290
IGLV3-10*01_X97464	67	99	145	165	262	290
IGLV(I)-63*01_D87022	67	107	153	173	269	297
IGLV7-46*01_Z73674	67	108	154	174	271	294
IGLV2-11*02_Z22198	67	108	154	174	271	297
IGLV5-37*01_Z73672	67	108	154	186	289	312
IGLV3-12*02_D86998	67	99	145	165	262	290
IGLV3-6*01_X97465	67	99	143	163	256	284
IGLV3-12*01_Z73658	67	99	145	165	262	290
IGLV1-50*01_M94112	67	108	154	174	271	299
IGLV3-25*01_X97474	67	99	145	165	262	290
IGLV3-27*01_D86994	67	99	145	165	262	284
IGLV3-9*01_X97473	67	99	145	165	262	285
IGLV11-55*01_D86996	67	108	154	186	289	312
IGLV5-39*02_AF216776	67	108	154	186	289	312
IGLV2-18*04_L27692	67	108	154	174	271	297
IGLV8/OR8-1*02_U03636	67	108	154	174	271	294
IGLV8-61*01_Z73650	67	108	154	174	271	296
IGLV1-40*02_X53936	67	108	154	174	271	299
IGLV(I)-70*01_D86993	67	105	151	168	265	293
IGLV3-29*01_Z73644	67	99	145	165	257	280
IGLV2-5*01_Z73641	67	108	154	174	271	298
IGLV2-33*03_L27691	67	108	154	174	271	297
IGLV3-15*01_D87015	67	99	144	164	257	285
IGLV2-5*02_X57825	67	108	154	174	271	298
IGLV1-40*03_Z22192	67	108	154	174	271	297
IGLV5-52*01_Z73669	67	108	154	186	289	317
IGLV2-18*03_L27694	67	108	154	174	271	297
IGLV1-51*02_M30446	67	105	151	171	268	296
IGLV3-16*01_X97471	67	99	145	165	262	290
IGLV(I)-38*01_D87009	65	103	149	169	260	291
IGLV10-67*01_Z73651	67	105	151	171	267	295
IGLV3-13*01_X97463	67	99	145	165	262	284
IGLV3-9*02_X74288	67	99	145	165	262	290
IGLV(IV)-65*01_D87022	67	108	152	184	283	307
IGLV9-49*03_U03869	67	102	148	183	280	317
IGLV2-14*01_Z73664	67	108	154	174	271	297
IGLV2-11*03_Y12415	44	85	131	151	248	274
IGLV(VI)-25-1*01_D86994	66	106	151	171	239	290
IGLV3-24*02_D86994	67	99	145	165	256	284
IGLV(V)-58*01_D87000	69	104	150	183	275	308
IGLV5-45*04_KM455553	67	108	154	186	289	312
IGLV3-30*02_D87014	67	99	145	165	250	295
IGLV(VI)-22-1*01_X71351	65	105	150	170	263	289
IGLV3-19*01_X56178	67	99	145	165	262	290
IGLV(IV)-53*01_D86996	65	108	153	185	288	313
IGLV2-33*02_L27823	67	108	154	174	271	297
IGLV3-10*02_L29166	67	99	145	165	262	285
IGLV3-6*02_X57827	68	100	143	163	256	284
IGLV7-46*03_Z22210	67	108	154	174	270	293
IGLV3-21*02_D87007	67	99	145	165	262	290
IGLV(IV)-59*01_D87000	66	107	153	185	283	324
IGLV2-33*01_Z73643	67	108	154	174	271	297
IGLV1-62*01_D87022	67	108	154	174	271	298
IGLV(IV)-66-1*01_D87004	67	108	154	186	288	316
IGLV2-8*03_Y12418	44	85	131	151	248	274
IGLV1-51*01_Z73661	67	105	151	171	268	296
IGLV3-31*02_Z22203	67	99	145	165	262	290
IGLV3-30*01_Z73646	67	99	145	165	250	295
IGLV6-57*02_KM455556	67	105	151	171	274	296
IGLV2-11*01_Z73657	67	108	154	174	271	297
IGLV3-24*01_X71968	67	99	145	165	255	283
IGLV3-2*01_X97468	67	99	145	165	258	284
IGLV3-9*03_X51754	67	98	144	164	261	284
IGLV10-54*01_Z73676	67	105	151	171	268	296
IGLV(I)-20*01_D87007	0	0	143	163	260	286
IGLV1-44*01_Z73654	67	105	151	171	268	296
IGLV3-26*01_X97467	67	99	145	165	261	289
IGLV5-45*02_Z73671	67	108	154	186	289	312
IGLV4-60*01_Z73667	67	102	148	180	277	297
IGLV9-49*01_Z73675	67	102	148	183	280	317
IGLV2-14*03_Y12412	44	85	131	151	248	274
IGLV1-41*01_M94118	67	105	151	171	268	296
IGLV2-NL1*01_Z22209	67	108	154	174	271	297
IGLV9-49*02_D87016	67	102	148	183	280	317
IGLV8-61*02_U03637	67	108	154	174	271	296
IGLV2-14*02_L27822	67	108	154	174	271	297
IGLV2-8*01_X97462	67	108	154	174	271	297
IGLV4-60*03_AF073885	67	102	148	180	277	297
IGLV11-55*02_KM455555	67	108	154	186	289	312
IGLV2-28*01_X97466	67	108	141	161	259	285
IGLV2-8*02_L27695	67	108	154	174	271	297
