IGHV7-40*03_AC241995	91	105	148	198	295	296
IGHV7-4-1*02_X62110	91	105	148	198	295	296
IGHV1-2*02_X62106	91	105	148	198	295	296
IGHV4-59*03_M95114	91	105	148	195	0	0
IGHV3-35*01_M99666	91	105	148	198	295	296
IGHV1-18*04_KC713938	91	105	148	198	295	296
IGHV3-49*04_AM940220	91	105	148	204	301	302
IGHV3-23*03_AM940223	91	105	148	198	295	296
IGHV1/OR15-2*01_L25543	91	105	148	198	295	296
IGHV5-10-1*02_X92279	91	105	148	198	294	295
IGHV(II)-49-1*01_AB019438	92	112	156	202	288	300
IGHV3-33*02_M99665	91	105	148	198	295	296
IGHV3-6*01_M99650	90	104	147	197	294	295
IGHV3-11*05_HM855583	91	105	148	198	295	296
IGHV4-30-4*02_Z14239	91	111	154	201	298	299
IGHV1-45*01_X92209	91	105	148	198	0	0
IGHV3-36*02_AB019439	90	113	156	206	298	301
IGHV4-4*02_X92232	91	108	151	198	295	296
IGHV(III)-47-1*01_AB019438	88	102	145	197	0	0
IGHV3-33*06_HM855436	91	105	148	198	295	296
IGHV4-34*05_X92237	91	105	148	195	292	293
IGHV1/OR16-3*01_Z29639	57	71	0	0	0	0
IGHV4-61*07_Z75348	19	39	82	129	226	227
IGHV4-31*04_M95120	91	111	154	201	0	0
IGHV5-51*04_X56367	91	105	148	198	0	0
IGHV3-76*02_Z27445	61	75	118	155	0	0
IGHV4-34*06_X92256	91	105	148	195	0	0
IGHV4-4*03_X92252	91	108	151	198	0	0
IGHV7-4-1*04_HM855485	91	105	148	198	295	296
IGHV(III)-38-1*02_KC162926	88	96	142	188	0	0
IGHV3/OR16-13*01_Z29610	91	105	148	198	0	0
IGHV(III)-5-1*01_AB019440	0	0	0	0	96	99
IGHV(III)-26-1*02_AC245166	92	106	147	200	0	0
IGHV6-1*01_J04097	91	111	154	207	304	305
IGHV3-23*05_AY757302	91	105	148	198	0	0
IGHV4-31*02_M99683	91	111	154	201	298	299
IGHV1/OR16-1*01_Z29599	54	68	111	161	0	0
IGHV4-59*06_M95119	91	105	148	195	0	0
IGHV3/OR16-15*02_Z29612	91	105	148	198	0	0
IGHV4-4*06_Z75355	19	36	79	126	223	224
IGHV(II)-67-1*01_AB019437	82	102	0	0	0	0
IGHV2-5*06_L21966	91	111	154	201	298	300
IGHV4-4*04_X92253	91	108	151	198	0	0
IGHV4-31*05_M95121	91	111	154	201	0	0
IGHV(III)-2-1*01_AB019441	87	101	144	195	0	0
IGHV3-9*01_M99651	91	105	148	198	295	298
IGHV(III)-44D*01_AC233755	0	0	0	0	0	0
IGHV4-31*09_X92273	91	111	154	201	0	0
IGHV3/OR16-12*01_Z29609	91	105	148	198	0	0
IGHV(II)-20-1*01_AB019440	0	0	0	0	0	0
IGHV(II)-20-1*02_AC245166	0	0	0	0	0	0
IGHV(III)-25-1*02_AC245166	89	103	0	0	0	0
IGHV3/OR15-7*04_X07449	91	105	146	202	299	300
IGHV4-61*02_L10097	91	111	154	201	298	299
IGHV4-28*01_X05714	91	108	151	198	295	296
IGHV(II)-33-1*01_AB019439	91	111	156	203	300	301
IGHV3-15*08_M99400	91	105	148	204	301	302
IGHV2-70*02_X92241	91	111	154	201	0	0
IGHV3-16*01_M99655	91	105	148	198	295	296
IGHV7-56*01_M29810	91	105	148	154	0	0
IGHV3-64*04_M77299	91	105	148	198	295	296
IGHV7-40D*01_AC233755	69	83	126	176	273	274
IGHV7-NL1*02_X92292	88	102	145	195	0	0
IGHV2-5*08_L21971	91	111	154	201	298	301
IGHV3-73*02_AB019437	91	105	148	204	301	302
IGHV1-69*05_X67905	91	105	148	198	0	0
IGHV2-5*05_L21964	91	111	154	201	298	301
IGHV(II)-43-1*01_AB019438	19	39	81	128	0	0
IGHV3-43*02_HM855392	91	105	148	198	295	298
IGHV4-55*04_X92265	91	108	151	198	0	0
IGHV3-72*02_Z29979	10	24	67	123	0	0
IGHV4-55*01_M99685	91	108	151	198	295	296
IGHV3/OR16-8*02_HM855427	91	105	148	198	295	296
IGHV4-34*04_X92236	91	105	148	195	292	293
IGHV7-34-1*01_AB019439	88	102	145	195	290	293
IGHV4/OR15-8*03_HM855418	91	108	151	198	295	296
IGHV(II)-30-51*01_AC244456	91	111	156	203	300	301
IGHV4-30-2*05_HM855593	91	111	154	201	298	299
IGHV3-20*02_KC713937	91	105	148	198	295	296
IGHV3-25*02_AB019439	91	105	148	198	295	296
IGHV2-70*08_X92245	91	111	154	201	0	0
IGHV4-39*01_AB019439	91	111	154	201	298	299
IGHV1/OR21-1*01_AF254982	91	105	148	198	295	296
IGHV7-NL1*04_X92294	88	102	145	195	0	0
IGHV4-4*01_X05713	91	108	151	198	295	296
IGHV3-42*01_M99671	92	106	149	205	0	0
IGHV3-42*03_AB019438	92	106	149	205	302	303
IGHV3/OR16-15*01_L25546	91	105	148	198	295	296
IGHV3-33-2*01_AB019439	91	105	148	198	295	298
IGHV3-30*02_L26401	91	105	148	198	295	296
IGHV1/OR15-2*02_HM855297	91	105	148	198	295	296
IGHV5-78*01_X92213	91	105	148	198	0	0
IGHV3-13*03_U29582	91	105	148	195	0	0
IGHV1-67*02_Z27507	91	105	148	198	0	0
IGHV3-41*01_M99670	91	105	148	198	0	0
IGHV7-NL1*03_X92293	88	102	145	195	0	0
IGHV(II)-28-1*02_KC162924	61	81	124	171	216	253
IGHV3-30*17_M77329	91	105	148	198	295	296
IGHV1/OR16-2*01_Z29600	54	68	111	161	0	0
IGHV3-30-3*01_AC244456	91	105	148	198	295	296
IGHV3-74*02_Z17392	91	105	148	198	0	0
IGHV(III)-67-2*01_AB019437	0	0	0	0	96	99
IGHV4-55*07_X92268	91	108	151	198	0	0
IGHV4-28*05_HM855339	91	108	151	198	295	296
IGHV2-5*02_KF698731	91	111	154	201	298	301
IGHV1/OR15-5*02_Z12314	91	105	148	198	0	0
IGHV3-30*04_L06615	91	105	148	198	295	296
IGHV3-25*01_M99661	91	105	148	198	295	296
IGHV3-65*03_AB019437	91	106	149	205	302	303
IGHV1-12*02_M99638	91	105	0	0	0	0
IGHV1-69*11_Z14296	91	105	148	198	295	296
IGHV1-2*01_X07448	91	105	148	198	295	296
IGHV3-49*05_AM940221	91	105	148	204	301	302
IGHV(II)-23-2*01_AC244492	63	83	126	172	228	269
IGHV3-48*04_HM855336	91	105	148	198	295	296
IGHV4-34*12_X56591	91	105	148	195	0	0
IGHV3-15*06_M99404	91	105	148	204	301	302
IGHV3-30-3*02_M77302	91	105	148	198	293	296
IGHV3-33*03_M77305	91	105	148	198	295	296
IGHV7-4-1*01_L10057	91	105	148	198	0	0
IGHV1/OR15-3*01_Z29595	91	105	148	198	0	0
IGHV2-26*01_M99648	91	111	154	201	298	301
IGHV3-36*01_M99667	90	113	156	206	298	302
IGHV(II)-65-1*01_AB019437	93	113	158	204	290	302
IGHV3-43D*01_KC713950	91	105	148	198	295	298
IGHV1-69*07_Z29978	57	71	114	164	0	0
IGHV2-70D*04_KC713935	91	111	154	201	298	301
IGHV3-15*01_X92216	91	105	148	204	301	302
IGHV3-25*05_HM855413	91	105	148	198	295	296
IGHV4-39*06_Z14236	91	111	154	201	298	299
IGHV3-64D*06_KC713941	91	105	148	198	295	296
IGHV(II)-78-1*01_AB019437	65	85	129	176	274	275
IGHV(II)-15-1*01_AB019440	64	84	127	173	229	271
IGHV3-53*01_M99679	91	105	148	195	292	293
IGHV3-22*01_M99659	91	105	148	204	301	302
IGHV1-14*01_AB019440	91	105	148	198	295	296
IGHV4-28*04_X56358	91	108	151	198	0	0
IGHV3-30*11_M77331	91	105	148	198	295	296
IGHV4-38-2*01_Z12367	91	108	151	198	0	0
IGHV3-30*01_M83134	91	105	148	198	295	296
IGHV4-59*08_HM855471	91	105	148	195	292	293
IGHV4-34*01_AB019439	91	105	148	195	292	293
IGHV4-4*05_X92254	91	108	151	198	0	0
IGHV3-54*03_Z27446	46	60	103	153	0	0
IGHV3-11*04_HM855329	91	105	148	198	295	296
IGHV1/OR15-5*01_Z29633	57	71	114	164	0	0
IGHV1-68*01_AB019437	91	105	148	198	295	296
IGHV3/OR16-7*02_HM855309	92	106	149	205	302	303
IGHV(II)-26-2*01_AB019439	93	107	150	206	0	0
IGHV4-59*09_Z75359	19	33	76	123	220	221
IGHV3/OR16-10*02_Z12345	91	105	148	195	0	0
IGHV2-5*03_X93619	62	82	125	172	0	0
IGHV2-70*07_X92243	91	111	154	201	0	0
IGHV4-34*02_M99684	91	105	148	195	292	293
IGHV7-40*01_M99644	0	0	145	195	294	295
IGHV3-9*02_HM855577	91	105	148	198	295	298
IGHV2-70*13_AB019437	91	111	154	201	298	301
IGHV1-45*02_AB019438	91	105	148	198	295	296
IGHV(II)-23-1*01_AC244492	0	0	0	0	0	0
IGHV4-30-2*01_L10089	91	111	154	201	298	299
IGHV3-38-3*01_KF698732	91	105	148	192	289	290
IGHV5-10-1*01_X92227	91	105	148	198	0	0
IGHV2-70*11_L21967	91	111	154	201	298	301
IGHV4-28*03_X92233	91	108	151	198	295	296
IGHV3-63*02_Z15099	91	105	148	198	0	0
IGHV(III)-25-1*01_AB019439	89	103	0	0	0	0
IGHV3/OR16-14*01_Z29611	91	105	148	198	0	0
IGHV7-56*02_AB019438	91	105	148	196	293	294
IGHV3-23D*01_AC244492	91	105	148	198	295	296
IGHV3-48*01_M99675	91	105	148	198	295	296
IGHV(II)-22-1*01_AB019439	63	83	126	172	228	269
IGHV3/OR15-7*01_Z29597	91	105	148	204	0	0
IGHV4-31*07_X92271	91	111	154	201	0	0
IGHV3-30-5*02_AC245243	91	105	148	198	295	296
IGHV3-7*02_X92288	91	105	148	198	0	0
IGHV(II)-43-1D*01_AC233755	19	39	82	129	182	210
IGHV3-30*14_M77324	91	105	148	198	295	296
IGHV2/OR16-5*01_L25544	91	111	154	201	298	301
IGHV2-5*04_L21963	91	111	154	201	0	0
IGHV3-13*02_M99653	91	105	148	195	292	293
IGHV3-54*02_X92215	91	105	148	198	295	296
IGHV3-13*05_KC713939	91	105	148	195	292	293
IGHV4-30-2*04_Z75351	19	39	82	129	226	227
IGHV3-19*01_M99656	91	105	148	198	295	296
IGHV(II)-60-1*01_AB019437	64	84	127	174	261	269
IGHV1-69*01_L22582	91	105	148	198	295	296
IGHV4-31*08_X92272	91	111	154	201	0	0
IGHV3-79*01_AB019437	89	103	146	196	293	303
IGHV4-30-4*06_Z75360	19	39	82	129	226	227
IGHV3-54*01_M99680	91	105	148	198	295	296
IGHV1-17*01_M99640	92	106	148	198	295	296
IGHV3-33*05_M77334	91	105	148	198	295	296
IGHV1-69*08_Z14309	91	105	148	198	295	296
IGHV(III)-67-4*01_AB019437	92	106	149	199	291	295
IGHV(II)-44-1D*01_AC233755	0	0	0	0	0	0
IGHV(III)-11-1*01_AB019440	100	114	0	0	0	0
IGHV2-70*12_L21970	91	111	154	201	296	301
IGHV3-33*04_M77335	91	105	148	198	295	296
IGHV1-38-4*01_KF698736	91	105	148	198	295	296
IGHV3-48*02_AB019438	91	105	148	198	295	296
IGHV1-69*02_Z27506	91	105	148	198	0	0
IGHV3-30*13_M77339	91	105	148	198	295	296
IGHV3-57*02_AB019438	102	116	159	210	0	0
IGHV3-30*09_M77300	91	105	148	198	295	296
IGHV7-81*01_AB019437	91	105	148	198	295	296
IGHV3-30*07_L06614	91	105	148	198	295	296
IGHV3/OR16-7*01_HM855433	92	106	149	205	302	303
IGHV3-74*03_J00239	91	105	148	198	295	296
IGHV3-37*02_X92277	101	115	158	206	289	294
IGHV3-64*03_M77298	91	105	148	198	295	296
IGHV(III)-26-1*01_AB019439	92	106	147	200	0	0
IGHV1-17*02_AB019440	91	105	147	197	294	295
IGHV1-18*03_HM855463	91	105	148	198	295	296
IGHV(II)-46-1*01_AB019438	90	110	0	0	0	0
IGHV3-9*03_KC713947	91	105	148	198	295	298
IGHV(II)-44-3*01_AC233755	0	0	0	0	244	262
IGHV3-53*04_HM855453	91	105	148	195	292	293
IGHV3-66*01_X92218	91	105	148	195	292	293
IGHV4-4*08_KC713942	91	105	148	195	292	293
IGHV3-69-1*02_AJ879485	91	105	148	195	292	293
IGHV3-75*01_AB019437	90	104	147	197	295	296
IGHV3-29*01_AB019439	91	105	148	198	295	298
IGHV1-69-2*01_KF698734	91	105	148	198	295	296
IGHV(II)-31-1*01_AB019439	49	69	112	159	204	257
IGHV3-30*06_L06617	91	105	148	198	295	296
IGHV3-62*02_Z27452	10	24	67	106	0	0
IGHV4-59*04_M95117	91	105	148	195	0	0
IGHV4-34*11_X05716	91	105	148	195	292	293
IGHV3-64*02_AB019437	91	105	148	198	295	296
IGHV3-30-33*01_AC244456	91	105	148	198	295	296
IGHV4-55*05_X92266	91	108	151	198	0	0
IGHV3-23*04_AJ879486	91	105	148	198	295	296
IGHV4-30-4*05_Z75353	20	40	83	130	227	228
IGHV1-69*12_Z14301	91	105	148	198	295	296
IGHV3/OR15-7*02_M36530	91	105	148	204	0	0
IGHV4-59*02_M29812	91	105	148	195	292	293
IGHV3-32*01_AB019439	91	105	148	198	295	298
IGHV7-NL1*01_X92291	88	102	145	195	0	0
IGHV1-69*03_X92340	91	105	148	198	0	0
IGHV2-10*01_M99647	91	111	154	201	298	301
IGHV3-48*03_U03893	91	105	148	198	295	296
IGHV1/OR15-6*02_Z12326	90	104	147	197	292	293
IGHV4-61*04_X92250	91	111	154	201	0	0
IGHV1-69*13_Z14214	91	105	148	198	295	296
IGHV3-30-52*01_AC244456	91	105	148	198	295	296
IGHV1-8*01_M99637	91	105	148	198	295	296
IGHV3-50*01_AB019438	90	104	147	197	287	297
IGHV4-28*07_KC713936	91	108	151	198	295	296
IGHV3-23D*02_AC245166	91	105	148	198	295	296
IGHV3-47*01_Z18900	91	105	148	195	0	0
IGHV3-13*01_X92217	91	105	148	195	292	293
IGHV7-40*04_AB019439	0	0	44	94	191	192
IGHV3-22*02_AB019439	91	105	148	204	301	302
IGHV(III)-20-2*01_AC245166	0	0	0	0	0	0
IGHV3-21*03_HM855323	91	105	148	198	295	296
IGHV3-25*03_Z12356	91	105	148	198	0	0
IGHV2-70D*14_KC713949	91	111	154	201	298	301
IGHV2-70*10_L21965	91	111	154	201	298	301
IGHV3-23*01_M99660	91	105	148	198	295	296
IGHV1-69*09_Z14307	91	105	148	198	295	296
IGHV4-30-4*07_KC713946	91	111	154	201	298	299
IGHV2-5*01_X62111	91	111	154	201	298	301
IGHV1/OR15-1*02_AJ004954	91	105	148	198	295	296
IGHV4-34*13_Z75356	19	33	76	123	220	221
IGHV4-59*10_Z14243	91	105	148	195	292	293
IGHV5-51*01_M99686	91	105	148	198	295	296
IGHV3-11*06_KC713940	91	105	148	198	295	296
IGHV(II)-20-3*01_AC245166	0	0	0	0	0	0
IGHV1-2*04_KF698733	91	105	148	198	295	296
IGHV2-70*09_L21962	91	111	154	201	0	0
IGHV3/OR16-9*01_Z29606	91	105	148	198	0	0
IGHV7-27*01_M99643	91	105	148	198	273	282
IGHV3-15*07_M99406	91	105	148	204	301	302
IGHV5-10-1*04_X56376	91	105	148	198	0	0
IGHV(II)-1-1*01_AB019441	1	7	41	88	0	0
IGHV3-16*02_AB019440	91	105	148	198	295	296
IGHV4-61*08_AB019437	91	111	154	201	298	299
IGHV4-55*02_X92223	91	108	151	198	295	296
IGHV1-69*06_L22583	91	105	148	198	295	296
IGHV4-31*10_Z14235	91	111	154	201	298	299
IGHV4-39*05_M95116	91	111	154	201	0	0
IGHV4-80*01_AB019437	89	106	148	195	261	261
IGHV3-42*02_M12072	91	105	148	204	301	302
IGHV3-21*01_AB019439	91	105	148	198	295	296
IGHV3/OR15-7*03_Z12332	91	105	148	204	0	0
IGHV(IV)-44-1*01_AB019438	0	0	140	190	284	289
IGHV(III)-38-1D*01_AC241995	84	92	138	184	0	0
IGHV4-61*06_Z75347	19	39	82	129	226	227
IGHV1-67*01_AB019437	95	109	152	202	299	300
IGHV3-NL1*01_HM855939	91	105	148	198	295	296
IGHV4-61*05_X56356	91	111	154	201	0	0
IGHV3-66*03_AB019437	91	105	148	195	292	293
IGHV4-34*09_Z14241	91	105	148	195	292	293
IGHV1-24*01_M99642	91	105	148	198	295	296
IGHV1-18*01_M99641	91	105	148	198	295	296
IGHV1-58*01_M29809	91	105	148	198	295	296
IGHV4-38-2*02_AC233755	91	108	151	198	295	296
IGHV3-15*02_M99654	91	105	148	204	301	302
IGHV(III)-67-3*01_AB019437	55	69	115	165	188	275
IGHV1/OR15-9*01_L25542	91	105	148	198	295	296
IGHV(II)-30-32*01_AC244456	91	111	156	203	300	301
IGHV1/OR15-1*01_Z29631	91	105	148	198	0	0
IGHV4-4*07_X62112	91	105	148	195	292	293
IGHV3/OR16-6*02_HM855668	91	105	148	204	301	302
IGHV3-20*01_M99657	91	105	148	198	295	296
IGHV4-30-2*06_KC713944	91	111	154	201	298	299
IGHV5-10-1*03_X56375	91	105	148	198	0	0
IGHV(II)-30-1*02_AC245166	91	111	156	203	300	301
IGHV3-73*01_X70197	91	105	148	204	301	302
IGHV3-49*01_M99676	91	105	148	204	301	302
IGHV1/OR16-4*02_Z29601	57	71	0	0	0	0
IGHV1-12*01_X92210	91	105	0	0	0	0
IGHV1-2*05_HM855674	91	105	148	198	295	296
IGHV1-2*03_X92208	91	105	148	198	295	296
IGHV3-15*04_M99402	91	105	148	204	301	302
IGHV4-39*07_AM940222	91	111	154	201	298	299
IGHV1-NL1*01_M13911	91	105	148	198	295	296
IGHV7-4-1*03_X92290	91	105	148	198	0	0
IGHV4-34*10_Z14242	91	105	148	195	292	293
IGHV3-30*19_L06616	91	105	148	198	295	296
IGHV3-71*01_AB019437	91	105	148	204	301	302
IGHV1-18*02_X60503	91	105	148	198	0	0
IGHV3-30-5*01_AC244456	91	105	148	198	295	296
IGHV1-69D*01_KC713934	91	105	148	198	295	296
IGHV(III)-44*01_M99673	0	0	0	0	0	0
IGHV3-15*03_M99408	91	105	148	204	301	302
IGHV2-70*05_Z27502	65	85	128	175	0	0
IGHV4-55*09_X92235	91	108	151	198	295	296
IGHV3-30*12_M77338	91	105	148	198	295	296
IGHV1/OR15-6*01_HM855943	81	95	138	187	282	285
IGHV3-62*01_AB019437	91	105	148	198	295	296
IGHV1-69*10_Z14300	91	105	148	198	295	296
IGHV3-30-2*01_AB019439	91	105	148	198	295	298
IGHV3-65*02_Z29980	61	76	119	175	0	0
IGHV7-NL1*05_X92295	88	102	145	195	0	0
IGHV1/OR15-2*03_HM855556	91	105	148	198	295	296
IGHV(II)-51-2*01_AB019438	91	111	149	194	286	290
IGHV3-23*02_M35415	91	105	148	198	295	296
IGHV1-69*04_M83132	91	105	148	198	295	296
IGHV3-38*02_AB019439	91	105	148	192	289	292
IGHV4-34*03_X92255	91	105	148	195	0	0
IGHV3-33*01_AB019439	91	105	148	198	295	296
IGHV4-39*04_X92297	12	32	75	122	0	0
IGHV3-25*04_HM855898	91	105	148	198	295	296
IGHV(III)-16-1*01_AB019440	102	116	0	0	0	0
IGHV4-61*01_M29811	91	111	154	201	298	299
IGHV2-70*01_L21969	91	111	154	201	298	301
IGHV(III)-51-1*01_AB019438	91	105	148	198	291	296
IGHV4-55*06_X92267	91	108	151	198	0	0
IGHV3-66*04_X70208	91	105	148	195	292	293
IGHV(II)-44-2D*01_AC233755	0	0	0	0	0	0
IGHV5-78*02_X92281	91	105	148	196	0	0
IGHV2-5*09_L21972	91	111	154	201	298	301
IGHV4-55*03_X92263	91	108	151	198	0	0
IGHV5-51*02_M18806	91	105	148	198	295	296
IGHV(II)-28-1*01_AB019439	61	81	124	171	216	253
IGHV4-34*07_X92258	91	105	148	195	0	0
IGHV3/OR16-8*01_Z29605	91	105	148	198	0	0
IGHV3-30*08_M62737	91	105	148	198	0	0
IGHV4-55*08_X92234	91	108	151	198	295	296
IGHV3-11*02_M15496	90	104	147	196	270	290
IGHV3-11*03_X92287	91	105	148	198	0	0
IGHV1/OR15-3*02_HM855458	91	105	148	198	295	296
IGHV3-63*01_M99681	91	105	148	198	295	298
IGHV3/OR15-7*05_HM855865	91	105	148	204	301	302
IGHV4-30-4*04_X92275	91	111	154	201	0	0
IGHV4-31*06_X92270	91	111	154	201	0	0
IGHV4-30-4*03_X92274	91	111	154	201	0	0
IGHV(II)-74-1*01_AB019437	96	110	0	0	0	0
IGHV3-37*01_M99668	91	105	148	196	279	285
IGHV3/OR16-10*03_HM855718	91	105	148	195	292	293
IGHV1-46*01_X92343	91	105	148	198	295	296
IGHV1-8*02_HM855457	91	105	148	198	295	296
IGHV1/OR16-4*01_Z17397	57	71	0	0	0	0
IGHV(II)-28-1*03_AC245166	91	111	154	201	246	283
IGHV3-72*01_X92206	91	105	148	204	301	302
IGHV3-69-1*01_AJ879484	91	105	148	195	292	293
IGHV2-70*03_X92238	91	111	154	201	0	0
IGHV1-3*02_X62107	91	105	148	198	295	296
IGHV3-47*02_AB019438	91	105	148	195	292	293
IGHV(II)-62-1*01_AB019437	64	84	129	176	272	273
IGHV4-28*02_M83133	91	108	151	198	295	296
IGHV4-59*01_AB019438	91	105	148	195	292	293
IGHV3-30-22*01_KC162924	91	105	148	198	295	298
IGHV4-34*08_M95113	91	105	148	195	0	0
IGHV(II)-40-1*01_AB019438	64	77	0	0	0	0
IGHV(III)-76-1*01_AB019437	101	115	158	211	0	0
IGHV(II)-53-1*01_AB019438	94	114	157	203	289	300
IGHV(III)-22-2*01_AB019439	0	0	0	0	0	0
IGHV3/OR16-10*01_Z29607	91	105	148	195	0	0
IGHV4-30-4*01_Z14238	91	111	154	201	298	299
IGHV3-57*01_M29815	89	103	146	196	272	366
IGHV(II)-30-41*01_AC244456	91	111	154	201	246	299
IGHV3-21*04_HM855688	91	105	148	198	295	296
IGHV3-38*03_KC713943	91	105	148	192	289	292
IGHV3-64*01_M99682	91	105	148	198	295	296
IGHV3-15*05_M99403	91	105	148	204	301	302
IGHV3-30*18_X92214	91	105	148	198	295	296
IGHV4-31*03_Z14237	91	111	154	201	298	299
IGHV4-30-2*03_X92229	91	111	154	201	298	299
IGHV6-1*02_Z14223	91	111	154	207	304	305
IGHV4-30-2*02_M95122	91	111	154	201	294	294
IGHV3-53*03_J03617	91	105	148	195	292	293
IGHV4-39*03_X92259	91	111	154	201	0	0
IGHV7-34-1*02_HM855644	88	102	145	195	290	293
IGHV3-60*01_AB019438	92	106	149	199	296	297
IGHV3-74*01_L33851	91	105	148	198	295	296
IGHV3-7*01_M99649	91	105	148	198	295	296
IGHV3-52*02_Z17388	91	105	148	198	0	0
IGHV4/OR15-8*02_X05712	91	108	151	198	295	296
IGHV3-43*01_M99672	91	105	148	198	295	298
IGHV3-71*03_HM855455	91	105	148	204	301	302
IGHV3/OR16-11*01_HM855279	90	104	147	194	291	292
IGHV4/OR15-8*01_HM855539	91	108	151	198	295	296
IGHV4-31*01_L10098	91	111	154	201	298	299
IGHV1/OR15-1*03_HM855589	91	105	148	198	295	296
IGHV4-59*07_X56360	91	105	148	195	0	0
IGHV3/OR16-6*01_L25545	92	106	149	205	302	303
IGHV3-64*05_M77301	91	105	148	198	295	296
IGHV1-46*03_L06612	91	105	148	198	295	296
IGHV5-51*05_Z27449	57	71	114	164	0	0
IGHV3-30*16_M77328	91	105	148	198	295	296
IGHV1-45*03_Z17391	57	71	114	164	0	0
IGHV4-59*05_M95118	91	105	148	195	0	0
IGHV3-54*04_AB019438	91	105	148	198	295	296
IGHV(III)-82*01_AB019437	102	116	159	196	0	0
IGHV3-13*04_HM855616	91	105	148	195	292	293
IGHV3-30-3*03_KC713945	91	105	148	198	295	296
IGHV(II)-28-2*01_AC245166	0	0	0	0	0	0
IGHV3-71*02_HM855875	91	105	148	204	301	302
IGHV3-52*03_J00237	91	105	148	198	0	0
IGHV4-39*02_X05715	91	111	154	201	298	299
IGHV3-49*02_M99401	91	105	148	204	301	302
IGHV(III)-5-2*01_AB019440	54	68	111	164	0	0
IGHV4-28*06_HM855782	91	108	151	198	295	296
IGHV3-66*02_Z27504	91	105	148	195	0	0
IGHV(III)-13-1*01_AB019440	86	100	143	192	0	0
IGHV(II)-44-2*01_AB019438	40	60	92	140	236	237
IGHV1/OR15-4*01_Z29596	91	105	148	198	0	0
IGHV1-58*02_AB019438	91	105	148	198	295	296
IGHV3-38*01_M99669	91	105	148	192	289	292
IGHV3/OR16-16*01_Z29613	91	105	148	198	0	0
IGHV3-65*01_Z27503	90	105	148	204	0	0
IGHV4-61*03_X92230	91	111	154	201	298	299
IGHV3/OR16-7*03_Z29594	93	107	150	206	0	0
IGHV3-49*03_AB019438	91	105	148	204	301	302
IGHV3-11*01_M99652	91	105	148	198	295	296
IGHV3-53*02_KF698735	91	105	148	195	292	293
IGHV3-47*03_M99674	91	105	148	195	282	282
IGHV3-42D*01_AC233755	92	106	149	205	302	303
IGHV5-51*03_X56368	91	105	148	198	0	0
IGHV3-30-42*01_AC244456	91	105	148	198	295	298
IGHV3-52*01_M99678	91	105	148	198	295	296
IGHV3-30*10_M77326	91	105	148	198	295	296
IGHV3-30*03_M99663	91	105	148	198	295	296
IGHV1-69*14_KC713948	91	105	148	198	295	296
IGHV1-69-2*02_Z29977	57	71	114	164	0	0
IGHV1/OR15-1*04_HM855394	91	105	148	198	295	296
IGHV(III)-38-1*01_AB019439	88	96	142	188	0	0
IGHV2-70*04_Z12330	91	111	154	201	0	0
IGHV(II)-30-43*01_AC244456	0	0	0	0	0	0
IGHV2-70*06_X92239	91	111	154	201	0	0
IGHV3-30*15_M77327	91	105	148	198	295	296
IGHV3-36*03_KC162926	90	113	156	206	298	302
IGHV3-7*03_HM855666	91	105	148	198	295	296
IGHV(II)-30-51*02_AC245243	91	111	156	203	300	301
IGHV1-46*02_J00240	91	105	148	198	295	296
IGHV3-21*02_M99658	91	105	148	198	295	296
IGHV(II)-30-21*01_KC162924	91	111	154	201	246	299
IGHV3-76*01_AB019437	91	105	146	196	0	0
IGHV1-3*01_X62109	91	105	148	198	295	296
IGHV3-30*05_M77323	91	105	148	198	295	296
IGHV1/OR15-3*03_J00238	91	105	148	198	0	0
IGHV(II)-30-31*01_AC244456	168	182	0	0	0	0
IGHV7-4-1*05_HM855361	91	105	148	198	295	296
IGHV(II)-30-1*01_AB019439	91	111	156	203	300	301
