IGHV7-40*03	91	105	148	198	295	296
IGHV7-4-1*02	91	105	148	198	295	296
IGHV1-2*02	91	105	148	198	295	296
IGHV4-59*03	91	105	148	195	0	0
IGHV3-35*01	91	105	148	198	295	296
IGHV1-18*04	91	105	148	198	295	296
IGHV3-49*04	91	105	148	204	301	302
IGHV3-23*03	91	105	148	198	295	296
IGHV1/OR15-2*01	91	105	148	198	295	296
IGHV5-10-1*02	91	105	148	198	294	295
IGHV(II)-49-1*01	92	112	156	202	288	300
IGHV3-33*02	91	105	148	198	295	296
IGHV3-6*01	90	104	147	197	294	295
IGHV3-11*05	91	105	148	198	295	296
IGHV4-30-4*02	91	111	154	201	298	299
IGHV1-45*01	91	105	148	198	0	0
IGHV3-36*02	90	113	156	206	298	301
IGHV4-4*02	91	108	151	198	295	296
IGHV(III)-47-1*01	88	102	145	197	0	0
IGHV3-33*06	91	105	148	198	295	296
IGHV4-34*05	91	105	148	195	292	293
IGHV1/OR16-3*01	57	71	0	0	0	0
IGHV4-61*07	19	39	82	129	226	227
IGHV4-31*04	91	111	154	201	0	0
IGHV5-51*04	91	105	148	198	0	0
IGHV3-76*02	61	75	118	155	0	0
IGHV4-34*06	91	105	148	195	0	0
IGHV4-4*03	91	108	151	198	0	0
IGHV7-4-1*04	91	105	148	198	295	296
IGHV(III)-38-1*02	88	96	142	188	0	0
IGHV3/OR16-13*01	91	105	148	198	0	0
IGHV(III)-5-1*01	0	0	0	0	96	99
IGHV(III)-26-1*02	92	106	147	200	0	0
IGHV6-1*01	91	111	154	207	304	305
IGHV3-23*05	91	105	148	198	0	0
IGHV4-31*02	91	111	154	201	298	299
IGHV1/OR16-1*01	54	68	111	161	0	0
IGHV4-59*06	91	105	148	195	0	0
IGHV3/OR16-15*02	91	105	148	198	0	0
IGHV4-4*06	19	36	79	126	223	224
IGHV(II)-67-1*01	82	102	0	0	0	0
IGHV2-5*06	91	111	154	201	298	300
IGHV4-4*04	91	108	151	198	0	0
IGHV4-31*05	91	111	154	201	0	0
IGHV(III)-2-1*01	87	101	144	195	0	0
IGHV3-9*01	91	105	148	198	295	298
IGHV(III)-44D*01	0	0	0	0	0	0
IGHV4-31*09	91	111	154	201	0	0
IGHV3/OR16-12*01	91	105	148	198	0	0
IGHV(II)-20-1*01	0	0	0	0	0	0
IGHV(II)-20-1*02	0	0	0	0	0	0
IGHV(III)-25-1*02	89	103	0	0	0	0
IGHV3/OR15-7*04	91	105	146	202	299	300
IGHV4-61*02	91	111	154	201	298	299
IGHV4-28*01	91	108	151	198	295	296
IGHV(II)-33-1*01	91	111	156	203	300	301
IGHV3-15*08	91	105	148	204	301	302
IGHV2-70*02	91	111	154	201	0	0
IGHV3-16*01	91	105	148	198	295	296
IGHV7-56*01	91	105	148	154	0	0
IGHV3-64*04	91	105	148	198	295	296
IGHV7-40D*01	69	83	126	176	273	274
IGHV7-NL1*02	88	102	145	195	0	0
IGHV2-5*08	91	111	154	201	298	301
IGHV3-73*02	91	105	148	204	301	302
IGHV1-69*05	91	105	148	198	0	0
IGHV2-5*05	91	111	154	201	298	301
IGHV(II)-43-1*01	19	39	81	128	0	0
IGHV3-43*02	91	105	148	198	295	298
IGHV4-55*04	91	108	151	198	0	0
IGHV3-72*02	10	24	67	123	0	0
IGHV4-55*01	91	108	151	198	295	296
IGHV3/OR16-8*02	91	105	148	198	295	296
IGHV4-34*04	91	105	148	195	292	293
IGHV7-34-1*01	88	102	145	195	290	293
IGHV4/OR15-8*03	91	108	151	198	295	296
IGHV(II)-30-51*01	91	111	156	203	300	301
IGHV4-30-2*05	91	111	154	201	298	299
IGHV3-20*02	91	105	148	198	295	296
IGHV3-25*02	91	105	148	198	295	296
IGHV2-70*08	91	111	154	201	0	0
IGHV4-39*01	91	111	154	201	298	299
IGHV1/OR21-1*01	91	105	148	198	295	296
IGHV7-NL1*04	88	102	145	195	0	0
IGHV4-4*01	91	108	151	198	295	296
IGHV3-42*01	92	106	149	205	0	0
IGHV3-42*03	92	106	149	205	302	303
IGHV3/OR16-15*01	91	105	148	198	295	296
IGHV3-33-2*01	91	105	148	198	295	298
IGHV3-30*02	91	105	148	198	295	296
IGHV1/OR15-2*02	91	105	148	198	295	296
IGHV5-78*01	91	105	148	198	0	0
IGHV3-13*03	91	105	148	195	0	0
IGHV1-67*02	91	105	148	198	0	0
IGHV3-41*01	91	105	148	198	0	0
IGHV7-NL1*03	88	102	145	195	0	0
IGHV(II)-28-1*02	61	81	124	171	216	253
IGHV3-30*17	91	105	148	198	295	296
IGHV1/OR16-2*01	54	68	111	161	0	0
IGHV3-30-3*01	91	105	148	198	295	296
IGHV3-74*02	91	105	148	198	0	0
IGHV(III)-67-2*01	0	0	0	0	96	99
IGHV4-55*07	91	108	151	198	0	0
IGHV4-28*05	91	108	151	198	295	296
IGHV2-5*02	91	111	154	201	298	301
IGHV1/OR15-5*02	91	105	148	198	0	0
IGHV3-30*04	91	105	148	198	295	296
IGHV3-25*01	91	105	148	198	295	296
IGHV3-65*03	91	106	149	205	302	303
IGHV1-12*02	91	105	0	0	0	0
IGHV1-69*11	91	105	148	198	295	296
IGHV1-2*01	91	105	148	198	295	296
IGHV3-49*05	91	105	148	204	301	302
IGHV(II)-23-2*01	63	83	126	172	228	269
IGHV3-48*04	91	105	148	198	295	296
IGHV4-34*12	91	105	148	195	0	0
IGHV3-15*06	91	105	148	204	301	302
IGHV3-30-3*02	91	105	148	198	293	296
IGHV3-33*03	91	105	148	198	295	296
IGHV7-4-1*01	91	105	148	198	0	0
IGHV1/OR15-3*01	91	105	148	198	0	0
IGHV2-26*01	91	111	154	201	298	301
IGHV3-36*01	90	113	156	206	298	302
IGHV(II)-65-1*01	93	113	158	204	290	302
IGHV3-43D*01	91	105	148	198	295	298
IGHV1-69*07	57	71	114	164	0	0
IGHV2-70D*04	91	111	154	201	298	301
IGHV3-15*01	91	105	148	204	301	302
IGHV3-25*05	91	105	148	198	295	296
IGHV4-39*06	91	111	154	201	298	299
IGHV3-64D*06	91	105	148	198	295	296
IGHV(II)-78-1*01	65	85	129	176	274	275
IGHV(II)-15-1*01	64	84	127	173	229	271
IGHV3-53*01	91	105	148	195	292	293
IGHV3-22*01	91	105	148	204	301	302
IGHV1-14*01	91	105	148	198	295	296
IGHV4-28*04	91	108	151	198	0	0
IGHV3-30*11	91	105	148	198	295	296
IGHV4-38-2*01	91	108	151	198	0	0
IGHV3-30*01	91	105	148	198	295	296
IGHV4-59*08	91	105	148	195	292	293
IGHV4-34*01	91	105	148	195	292	293
IGHV4-4*05	91	108	151	198	0	0
IGHV3-54*03	46	60	103	153	0	0
IGHV3-11*04	91	105	148	198	295	296
IGHV1/OR15-5*01	57	71	114	164	0	0
IGHV1-68*01	91	105	148	198	295	296
IGHV3/OR16-7*02	92	106	149	205	302	303
IGHV(II)-26-2*01	93	107	150	206	0	0
IGHV4-59*09	19	33	76	123	220	221
IGHV3/OR16-10*02	91	105	148	195	0	0
IGHV2-5*03	62	82	125	172	0	0
IGHV2-70*07	91	111	154	201	0	0
IGHV4-34*02	91	105	148	195	292	293
IGHV7-40*01	0	0	145	195	294	295
IGHV3-9*02	91	105	148	198	295	298
IGHV2-70*13	91	111	154	201	298	301
IGHV1-45*02	91	105	148	198	295	296
IGHV(II)-23-1*01	0	0	0	0	0	0
IGHV4-30-2*01	91	111	154	201	298	299
IGHV3-38-3*01	91	105	148	192	289	290
IGHV5-10-1*01	91	105	148	198	0	0
IGHV2-70*11	91	111	154	201	298	301
IGHV4-28*03	91	108	151	198	295	296
IGHV3-63*02	91	105	148	198	0	0
IGHV(III)-25-1*01	89	103	0	0	0	0
IGHV3/OR16-14*01	91	105	148	198	0	0
IGHV7-56*02	91	105	148	196	293	294
IGHV3-23D*01	91	105	148	198	295	296
IGHV3-48*01	91	105	148	198	295	296
IGHV(II)-22-1*01	63	83	126	172	228	269
IGHV3/OR15-7*01	91	105	148	204	0	0
IGHV4-31*07	91	111	154	201	0	0
IGHV3-30-5*02	91	105	148	198	295	296
IGHV3-7*02	91	105	148	198	0	0
IGHV(II)-43-1D*01	19	39	82	129	182	210
IGHV3-30*14	91	105	148	198	295	296
IGHV2/OR16-5*01	91	111	154	201	298	301
IGHV2-5*04	91	111	154	201	0	0
IGHV3-13*02	91	105	148	195	292	293
IGHV3-54*02	91	105	148	198	295	296
IGHV3-13*05	91	105	148	195	292	293
IGHV4-30-2*04	19	39	82	129	226	227
IGHV3-19*01	91	105	148	198	295	296
IGHV(II)-60-1*01	64	84	127	174	261	269
IGHV1-69*01	91	105	148	198	295	296
IGHV4-31*08	91	111	154	201	0	0
IGHV3-79*01	89	103	146	196	293	303
IGHV4-30-4*06	19	39	82	129	226	227
IGHV3-54*01	91	105	148	198	295	296
IGHV1-17*01	92	106	148	198	295	296
IGHV3-33*05	91	105	148	198	295	296
IGHV1-69*08	91	105	148	198	295	296
IGHV(III)-67-4*01	92	106	149	199	291	295
IGHV(II)-44-1D*01	0	0	0	0	0	0
IGHV(III)-11-1*01	100	114	0	0	0	0
IGHV2-70*12	91	111	154	201	296	301
IGHV3-33*04	91	105	148	198	295	296
IGHV1-38-4*01	91	105	148	198	295	296
IGHV3-48*02	91	105	148	198	295	296
IGHV1-69*02	91	105	148	198	0	0
IGHV3-30*13	91	105	148	198	295	296
IGHV3-57*02	102	116	159	210	0	0
IGHV3-30*09	91	105	148	198	295	296
IGHV7-81*01	91	105	148	198	295	296
IGHV3-30*07	91	105	148	198	295	296
IGHV3/OR16-7*01	92	106	149	205	302	303
IGHV3-74*03	91	105	148	198	295	296
IGHV3-37*02	101	115	158	206	289	294
IGHV3-64*03	91	105	148	198	295	296
IGHV(III)-26-1*01	92	106	147	200	0	0
IGHV1-17*02	91	105	147	197	294	295
IGHV1-18*03	91	105	148	198	295	296
IGHV(II)-46-1*01	90	110	0	0	0	0
IGHV3-9*03	91	105	148	198	295	298
IGHV(II)-44-3*01	0	0	0	0	244	262
IGHV3-53*04	91	105	148	195	292	293
IGHV3-66*01	91	105	148	195	292	293
IGHV4-4*08	91	105	148	195	292	293
IGHV3-69-1*02	91	105	148	195	292	293
IGHV3-75*01	90	104	147	197	295	296
IGHV3-29*01	91	105	148	198	295	298
IGHV1-69-2*01	91	105	148	198	295	296
IGHV(II)-31-1*01	49	69	112	159	204	257
IGHV3-30*06	91	105	148	198	295	296
IGHV3-62*02	10	24	67	106	0	0
IGHV4-59*04	91	105	148	195	0	0
IGHV4-34*11	91	105	148	195	292	293
IGHV3-64*02	91	105	148	198	295	296
IGHV3-30-33*01	91	105	148	198	295	296
IGHV4-55*05	91	108	151	198	0	0
IGHV3-23*04	91	105	148	198	295	296
IGHV4-30-4*05	20	40	83	130	227	228
IGHV1-69*12	91	105	148	198	295	296
IGHV3/OR15-7*02	91	105	148	204	0	0
IGHV4-59*02	91	105	148	195	292	293
IGHV3-32*01	91	105	148	198	295	298
IGHV7-NL1*01	88	102	145	195	0	0
IGHV1-69*03	91	105	148	198	0	0
IGHV2-10*01	91	111	154	201	298	301
IGHV3-48*03	91	105	148	198	295	296
IGHV1/OR15-6*02	90	104	147	197	292	293
IGHV4-61*04	91	111	154	201	0	0
IGHV1-69*13	91	105	148	198	295	296
IGHV3-30-52*01	91	105	148	198	295	296
IGHV1-8*01	91	105	148	198	295	296
IGHV3-50*01	90	104	147	197	287	297
IGHV4-28*07	91	108	151	198	295	296
IGHV3-23D*02	91	105	148	198	295	296
IGHV3-47*01	91	105	148	195	0	0
IGHV3-13*01	91	105	148	195	292	293
IGHV7-40*04	0	0	44	94	191	192
IGHV3-22*02	91	105	148	204	301	302
IGHV(III)-20-2*01	0	0	0	0	0	0
IGHV3-21*03	91	105	148	198	295	296
IGHV3-25*03	91	105	148	198	0	0
IGHV2-70D*14	91	111	154	201	298	301
IGHV2-70*10	91	111	154	201	298	301
IGHV3-23*01	91	105	148	198	295	296
IGHV1-69*09	91	105	148	198	295	296
IGHV4-30-4*07	91	111	154	201	298	299
IGHV2-5*01	91	111	154	201	298	301
IGHV1/OR15-1*02	91	105	148	198	295	296
IGHV4-34*13	19	33	76	123	220	221
IGHV4-59*10	91	105	148	195	292	293
IGHV5-51*01	91	105	148	198	295	296
IGHV3-11*06	91	105	148	198	295	296
IGHV(II)-20-3*01	0	0	0	0	0	0
IGHV1-2*04	91	105	148	198	295	296
IGHV2-70*09	91	111	154	201	0	0
IGHV3/OR16-9*01	91	105	148	198	0	0
IGHV7-27*01	91	105	148	198	273	282
IGHV3-15*07	91	105	148	204	301	302
IGHV5-10-1*04	91	105	148	198	0	0
IGHV(II)-1-1*01	1	7	41	88	0	0
IGHV3-16*02	91	105	148	198	295	296
IGHV4-61*08	91	111	154	201	298	299
IGHV4-55*02	91	108	151	198	295	296
IGHV1-69*06	91	105	148	198	295	296
IGHV4-31*10	91	111	154	201	298	299
IGHV4-39*05	91	111	154	201	0	0
IGHV4-80*01	89	106	148	195	261	261
IGHV3-42*02	91	105	148	204	301	302
IGHV3-21*01	91	105	148	198	295	296
IGHV3/OR15-7*03	91	105	148	204	0	0
IGHV(IV)-44-1*01	0	0	140	190	284	289
IGHV(III)-38-1D*01	84	92	138	184	0	0
IGHV4-61*06	19	39	82	129	226	227
IGHV1-67*01	95	109	152	202	299	300
IGHV3-NL1*01	91	105	148	198	295	296
IGHV4-61*05	91	111	154	201	0	0
IGHV3-66*03	91	105	148	195	292	293
IGHV4-34*09	91	105	148	195	292	293
IGHV1-24*01	91	105	148	198	295	296
IGHV1-18*01	91	105	148	198	295	296
IGHV1-58*01	91	105	148	198	295	296
IGHV4-38-2*02	91	108	151	198	295	296
IGHV3-15*02	91	105	148	204	301	302
IGHV(III)-67-3*01	55	69	115	165	188	275
IGHV1/OR15-9*01	91	105	148	198	295	296
IGHV(II)-30-32*01	91	111	156	203	300	301
IGHV1/OR15-1*01	91	105	148	198	0	0
IGHV4-4*07	91	105	148	195	292	293
IGHV3/OR16-6*02	91	105	148	204	301	302
IGHV3-20*01	91	105	148	198	295	296
IGHV4-30-2*06	91	111	154	201	298	299
IGHV5-10-1*03	91	105	148	198	0	0
IGHV(II)-30-1*02	91	111	156	203	300	301
IGHV3-73*01	91	105	148	204	301	302
IGHV3-49*01	91	105	148	204	301	302
IGHV1/OR16-4*02	57	71	0	0	0	0
IGHV1-12*01	91	105	0	0	0	0
IGHV1-2*05	91	105	148	198	295	296
IGHV1-2*03	91	105	148	198	295	296
IGHV3-15*04	91	105	148	204	301	302
IGHV4-39*07	91	111	154	201	298	299
IGHV1-NL1*01	91	105	148	198	295	296
IGHV7-4-1*03	91	105	148	198	0	0
IGHV4-34*10	91	105	148	195	292	293
IGHV3-30*19	91	105	148	198	295	296
IGHV3-71*01	91	105	148	204	301	302
IGHV1-18*02	91	105	148	198	0	0
IGHV3-30-5*01	91	105	148	198	295	296
IGHV1-69D*01	91	105	148	198	295	296
IGHV(III)-44*01	0	0	0	0	0	0
IGHV3-15*03	91	105	148	204	301	302
IGHV2-70*05	65	85	128	175	0	0
IGHV4-55*09	91	108	151	198	295	296
IGHV3-30*12	91	105	148	198	295	296
IGHV1/OR15-6*01	81	95	138	187	282	285
IGHV3-62*01	91	105	148	198	295	296
IGHV1-69*10	91	105	148	198	295	296
IGHV3-30-2*01	91	105	148	198	295	298
IGHV3-65*02	61	76	119	175	0	0
IGHV7-NL1*05	88	102	145	195	0	0
IGHV1/OR15-2*03	91	105	148	198	295	296
IGHV(II)-51-2*01	91	111	149	194	286	290
IGHV3-23*02	91	105	148	198	295	296
IGHV1-69*04	91	105	148	198	295	296
IGHV3-38*02	91	105	148	192	289	292
IGHV4-34*03	91	105	148	195	0	0
IGHV3-33*01	91	105	148	198	295	296
IGHV4-39*04	12	32	75	122	0	0
IGHV3-25*04	91	105	148	198	295	296
IGHV(III)-16-1*01	102	116	0	0	0	0
IGHV4-61*01	91	111	154	201	298	299
IGHV2-70*01	91	111	154	201	298	301
IGHV(III)-51-1*01	91	105	148	198	291	296
IGHV4-55*06	91	108	151	198	0	0
IGHV3-66*04	91	105	148	195	292	293
IGHV(II)-44-2D*01	0	0	0	0	0	0
IGHV5-78*02	91	105	148	196	0	0
IGHV2-5*09	91	111	154	201	298	301
IGHV4-55*03	91	108	151	198	0	0
IGHV5-51*02	91	105	148	198	295	296
IGHV(II)-28-1*01	61	81	124	171	216	253
IGHV4-34*07	91	105	148	195	0	0
IGHV3/OR16-8*01	91	105	148	198	0	0
IGHV3-30*08	91	105	148	198	0	0
IGHV4-55*08	91	108	151	198	295	296
IGHV3-11*02	90	104	147	196	270	290
IGHV3-11*03	91	105	148	198	0	0
IGHV1/OR15-3*02	91	105	148	198	295	296
IGHV3-63*01	91	105	148	198	295	298
IGHV3/OR15-7*05	91	105	148	204	301	302
IGHV4-30-4*04	91	111	154	201	0	0
IGHV4-31*06	91	111	154	201	0	0
IGHV4-30-4*03	91	111	154	201	0	0
IGHV(II)-74-1*01	96	110	0	0	0	0
IGHV3-37*01	91	105	148	196	279	285
IGHV3/OR16-10*03	91	105	148	195	292	293
IGHV1-46*01	91	105	148	198	295	296
IGHV1-8*02	91	105	148	198	295	296
IGHV1/OR16-4*01	57	71	0	0	0	0
IGHV(II)-28-1*03	91	111	154	201	246	283
IGHV3-72*01	91	105	148	204	301	302
IGHV3-69-1*01	91	105	148	195	292	293
IGHV2-70*03	91	111	154	201	0	0
IGHV1-3*02	91	105	148	198	295	296
IGHV3-47*02	91	105	148	195	292	293
IGHV(II)-62-1*01	64	84	129	176	272	273
IGHV4-28*02	91	108	151	198	295	296
IGHV4-59*01	91	105	148	195	292	293
IGHV3-30-22*01	91	105	148	198	295	298
IGHV4-34*08	91	105	148	195	0	0
IGHV(II)-40-1*01	64	77	0	0	0	0
IGHV(III)-76-1*01	101	115	158	211	0	0
IGHV(II)-53-1*01	94	114	157	203	289	300
IGHV(III)-22-2*01	0	0	0	0	0	0
IGHV3/OR16-10*01	91	105	148	195	0	0
IGHV4-30-4*01	91	111	154	201	298	299
IGHV3-57*01	89	103	146	196	272	366
IGHV(II)-30-41*01	91	111	154	201	246	299
IGHV3-21*04	91	105	148	198	295	296
IGHV3-38*03	91	105	148	192	289	292
IGHV3-64*01	91	105	148	198	295	296
IGHV3-15*05	91	105	148	204	301	302
IGHV3-30*18	91	105	148	198	295	296
IGHV4-31*03	91	111	154	201	298	299
IGHV4-30-2*03	91	111	154	201	298	299
IGHV6-1*02	91	111	154	207	304	305
IGHV4-30-2*02	91	111	154	201	294	294
IGHV3-53*03	91	105	148	195	292	293
IGHV4-39*03	91	111	154	201	0	0
IGHV7-34-1*02	88	102	145	195	290	293
IGHV3-60*01	92	106	149	199	296	297
IGHV3-74*01	91	105	148	198	295	296
IGHV3-7*01	91	105	148	198	295	296
IGHV3-52*02	91	105	148	198	0	0
IGHV4/OR15-8*02	91	108	151	198	295	296
IGHV3-43*01	91	105	148	198	295	298
IGHV3-71*03	91	105	148	204	301	302
IGHV3/OR16-11*01	90	104	147	194	291	292
IGHV4/OR15-8*01	91	108	151	198	295	296
IGHV4-31*01	91	111	154	201	298	299
IGHV1/OR15-1*03	91	105	148	198	295	296
IGHV4-59*07	91	105	148	195	0	0
IGHV3/OR16-6*01	92	106	149	205	302	303
IGHV3-64*05	91	105	148	198	295	296
IGHV1-46*03	91	105	148	198	295	296
IGHV5-51*05	57	71	114	164	0	0
IGHV3-30*16	91	105	148	198	295	296
IGHV1-45*03	57	71	114	164	0	0
IGHV4-59*05	91	105	148	195	0	0
IGHV3-54*04	91	105	148	198	295	296
IGHV(III)-82*01	102	116	159	196	0	0
IGHV3-13*04	91	105	148	195	292	293
IGHV3-30-3*03	91	105	148	198	295	296
IGHV(II)-28-2*01	0	0	0	0	0	0
IGHV3-71*02	91	105	148	204	301	302
IGHV3-52*03	91	105	148	198	0	0
IGHV4-39*02	91	111	154	201	298	299
IGHV3-49*02	91	105	148	204	301	302
IGHV(III)-5-2*01	54	68	111	164	0	0
IGHV4-28*06	91	108	151	198	295	296
IGHV3-66*02	91	105	148	195	0	0
IGHV(III)-13-1*01	86	100	143	192	0	0
IGHV(II)-44-2*01	40	60	92	140	236	237
IGHV1/OR15-4*01	91	105	148	198	0	0
IGHV1-58*02	91	105	148	198	295	296
IGHV3-38*01	91	105	148	192	289	292
IGHV3/OR16-16*01	91	105	148	198	0	0
IGHV3-65*01	90	105	148	204	0	0
IGHV4-61*03	91	111	154	201	298	299
IGHV3/OR16-7*03	93	107	150	206	0	0
IGHV3-49*03	91	105	148	204	301	302
IGHV3-11*01	91	105	148	198	295	296
IGHV3-53*02	91	105	148	195	292	293
IGHV3-47*03	91	105	148	195	282	282
IGHV3-42D*01	92	106	149	205	302	303
IGHV5-51*03	91	105	148	198	0	0
IGHV3-30-42*01	91	105	148	198	295	298
IGHV3-52*01	91	105	148	198	295	296
IGHV3-30*10	91	105	148	198	295	296
IGHV3-30*03	91	105	148	198	295	296
IGHV1-69*14	91	105	148	198	295	296
IGHV1-69-2*02	57	71	114	164	0	0
IGHV1/OR15-1*04	91	105	148	198	295	296
IGHV(III)-38-1*01	88	96	142	188	0	0
IGHV2-70*04	91	111	154	201	0	0
IGHV(II)-30-43*01	0	0	0	0	0	0
IGHV2-70*06	91	111	154	201	0	0
IGHV3-30*15	91	105	148	198	295	296
IGHV3-36*03	90	113	156	206	298	302
IGHV3-7*03	91	105	148	198	295	296
IGHV(II)-30-51*02	91	111	156	203	300	301
IGHV1-46*02	91	105	148	198	295	296
IGHV3-21*02	91	105	148	198	295	296
IGHV(II)-30-21*01	91	111	154	201	246	299
IGHV3-76*01	91	105	146	196	0	0
IGHV1-3*01	91	105	148	198	295	296
IGHV3-30*05	91	105	148	198	295	296
IGHV1/OR15-3*03	91	105	148	198	0	0
IGHV(II)-30-31*01	168	182	0	0	0	0
IGHV7-4-1*05	91	105	148	198	295	296
IGHV(II)-30-1*01	91	111	156	203	300	301
IGKV1-39*01	70	102	148	168	265	287
IGKV1D-35*02	70	102	148	168	265	287
IGKV3/OR2-268*02	70	105	151	171	268	290
IGKV1D-42*01	70	102	148	168	265	287
IGKV2/OR2-7D*01	70	117	163	183	282	304
IGKV2-30*01	70	117	163	183	280	302
IGKV2D-38*01	10	57	103	123	220	240
IGKV3D-20*01	70	105	151	171	268	290
IGKV1D-16*01	70	102	148	168	265	287
IGKV1-35*02	70	102	148	168	265	287
IGKV2-40*01	70	120	166	186	283	305
IGKV2/OR2-7*01	70	117	163	183	282	304
IGKV3D-11*02	70	102	148	168	265	287
IGKV3/OR22-2*01	70	102	148	168	0	0
IGKV1-5*03	70	102	148	168	265	287
IGKV2D-30*01	70	117	163	183	280	302
IGKV1D-37*01	70	102	148	168	265	287
IGKV3D-31*02	71	103	149	169	266	288
IGKV1/OR22-5*02	70	102	148	168	265	287
IGKV4-1*01	70	120	166	186	283	305
IGKV3-11*02	70	102	148	168	265	287
IGKV2-23*01	70	117	163	183	201	212
IGKV1/OR-3*01	70	102	148	168	265	287
IGKV3/OR2-5*01	69	98	142	162	259	281
IGKV3-20*02	70	105	151	171	268	271
IGKV1-22*01	70	102	148	168	269	289
IGKV1/OR2-118*01	70	102	148	168	265	287
IGKV2/OR22-3*01	73	119	165	185	282	304
IGKV1D-8*02	70	102	148	168	265	287
IGKV3D-15*01	70	102	148	168	265	287
IGKV3D-7*01	70	105	151	171	268	290
IGKV1/OR-2*01	70	102	148	168	265	287
IGKV2-29*02	70	117	163	183	280	302
IGKV2-29*03	70	117	163	183	280	302
IGKV6-21*01	70	102	148	168	265	287
IGKV1/OR22-1*01	70	102	148	168	272	294
IGKV3D-25*01	70	100	146	148	237	259
IGKV2-38*01	10	57	103	123	220	240
IGKV1/OR2-2*01	70	102	148	168	265	287
IGKV2/OR2-2*01	69	116	162	182	278	300
IGKV2-4*01	70	117	163	183	280	302
IGKV1-5*02	70	102	148	168	265	287
IGKV2/OR2-4*01	70	117	163	183	282	304
IGKV2D-18*01	70	117	163	183	280	300
IGKV2-28*01	70	117	163	183	280	302
IGKV1/OR2-1*01	70	102	148	168	265	287
IGKV1-37*01	70	102	148	168	265	287
IGKV1-16*01	70	102	148	168	265	287
IGKV1D-13*02	70	102	148	168	265	287
IGKV3-7*01	70	105	151	171	268	290
IGKV1-12*01	70	102	148	168	265	287
IGKV1D-22*01	70	102	148	168	269	289
IGKV2D-10*01	70	117	163	183	279	301
IGKV3-11*01	70	102	148	168	265	287
IGKV1D-16*02	70	102	148	168	265	287
IGKV1-5*01	70	102	148	168	265	287
IGKV3D-11*03	70	102	148	168	265	287
IGKV1/OR15-118*01	70	102	148	168	265	287
IGKV2-14*01	69	116	162	182	279	301
IGKV2D-36*01	28	75	121	141	234	234
IGKV1/OR9-2*01	70	102	148	168	265	287
IGKV2D-26*03	70	117	163	183	280	302
IGKV1D-35*01	70	102	148	168	265	287
IGKV1D-13*01	70	102	148	168	265	287
IGKV1-12*02	70	102	148	168	265	287
IGKV1D-8*03	70	102	148	168	265	287
IGKV2D-28*01	70	117	163	183	280	302
IGKV1-35*01	70	102	148	168	265	287
IGKV3-7*04	70	105	151	171	268	290
IGKV2/OR2-1*01	70	117	163	183	282	304
IGKV7-3*01	70	114	160	180	277	299
IGKV1-39*02	70	102	148	168	265	287
IGKV1D-33*01	70	102	148	168	265	287
IGKV1-6*02	70	102	148	168	265	287
IGKV1/OR2-108*01	70	102	148	168	265	287
IGKV3D-15*02	70	102	148	168	265	287
IGKV2-19*01	28	75	121	141	238	258
IGKV3-34*01	70	102	148	168	266	288
IGKV2D-24*01	70	117	163	183	280	302
IGKV2-36*01	28	75	121	141	234	234
IGKV3D-20*02	70	105	151	171	268	290
IGKV2D-40*01	70	120	166	186	283	305
IGKV1-8*01	70	102	148	168	265	287
IGKV2-40*02	16	66	112	132	229	251
IGKV1/OR2-3*01	70	102	148	168	265	287
IGKV1-17*03	70	102	148	168	265	287
IGKV1/OR10-1*01	70	102	148	168	265	287
IGKV2D-26*02	70	117	163	183	280	300
IGKV2-30*02	70	117	163	183	280	302
IGKV2-24*01	70	117	163	183	280	302
IGKV1/OR1-1*01	70	102	148	168	265	287
IGKV3-15*01	70	102	148	168	265	287
IGKV2-10*01	70	117	163	183	279	301
IGKV1D-42*02	70	102	148	168	265	287
IGKV6-21*02	70	102	148	168	265	287
IGKV1-16*02	70	102	148	168	265	287
IGKV1-17*01	70	102	148	168	265	287
IGKV3D-34*01	70	102	148	168	266	288
IGKV1/ORY-1*01	70	102	148	168	265	287
IGKV2/OR2-10*01	69	116	162	182	278	300
IGKV5-2*01	70	102	148	168	265	287
IGKV2/OR2-8*01	69	116	162	182	278	300
IGKV2D-14*01	69	116	162	182	279	301
IGKV1-27*01	70	102	148	168	265	287
IGKV1-9*01	70	102	148	168	265	287
IGKV3-20*01	70	105	151	171	268	290
IGKV1/OR2-6*01	70	102	148	168	265	277
IGKV1D-27*01	70	102	148	168	266	288
IGKV3/OR2-268*01	70	105	151	171	268	290
IGKV1D-32*01	68	104	150	170	271	293
IGKV1/OR2-9*01	70	102	148	168	265	287
IGKV2-18*01	70	117	163	183	280	302
IGKV1D-12*01	70	102	148	168	265	287
IGKV1D-17*01	70	102	148	168	265	287
IGKV2D-29*01	70	117	163	183	280	302
IGKV3-25*01	70	100	146	148	245	267
IGKV3-7*02	70	105	151	171	268	290
IGKV1-32*01	68	104	150	170	271	293
IGKV3-31*01	68	100	146	166	263	283
IGKV1D-12*02	70	102	148	168	265	287
IGKV1-NL1*01	70	102	148	168	265	287
IGKV1-13*02	70	102	148	168	265	287
IGKV3D-15*03	70	102	148	168	265	287
IGKV1/OR-4*01	70	102	148	168	265	287
IGKV1D-39*01	70	102	148	168	265	287
IGKV1-6*01	70	102	148	168	265	287
IGKV3-7*03	70	105	151	171	268	290
IGKV2D-19*01	29	76	122	142	239	252
IGKV1-13*01	70	102	148	168	265	287
IGKV1/OR2-0*01	70	102	148	168	265	287
IGKV2D-29*02	70	117	163	183	280	302
IGKV1D-8*01	70	102	148	168	265	287
IGKV6D-21*01	70	102	148	168	265	287
IGKV6D-41*01	70	102	148	168	265	287
IGKV1/OR2-11*01	70	102	148	168	265	287
IGKV2/OR22-4*01	70	120	166	186	283	305
IGKV1D-43*01	70	102	148	168	265	287
IGKV2D-23*01	70	117	163	183	201	503
IGKV2D-26*01	70	117	163	183	280	302
IGKV1/OR22-5*01	70	102	148	168	265	287
IGKV2-29*01	70	117	163	183	280	302
IGKV3D-31*01	68	100	146	166	263	285
IGKV1/OR9-1*01	70	102	148	168	265	287
IGKV2-26*01	70	117	164	184	281	303
IGKV1-33*01	70	102	148	168	265	287
IGKV1-17*02	70	102	148	168	265	287
IGKV3D-11*01	70	102	148	168	265	287
IGKV6D-21*02	70	102	148	168	265	287
IGLV5-39*01	67	108	154	186	289	312
IGLV3-22*01	67	99	145	165	262	284
IGLV3-31*01	67	99	145	165	262	290
IGLV10-67*02	67	105	149	169	265	293
IGLV7-35*01	67	108	154	174	272	295
IGLV2-14*04	44	85	131	151	248	274
IGLV2-18*02	67	108	154	174	271	297
IGLV(V)-66*01	67	100	146	178	278	301
IGLV2-23*02	67	108	154	174	271	297
IGLV3-2*02	67	99	145	165	259	285
IGLV7-46*02	67	108	154	174	271	294
IGLV2-23*03	67	108	154	174	271	297
IGLV2-18*01	67	108	154	174	271	297
IGLV(I)-68*01	67	105	149	169	265	293
IGLV1-36*01	67	105	151	171	268	296
IGLV3-4*01	67	99	145	165	262	280
IGLV6-57*01	67	105	151	171	274	296
IGLV3-22*02	67	99	149	169	266	288
IGLV4-69*02	67	102	148	180	277	299
IGLV10-54*03	67	105	151	171	268	296
IGLV3-32*01	67	99	145	165	262	284
IGLV7-43*01	67	108	154	174	271	294
IGLV(I)-56*01	67	105	151	172	268	296
IGLV1-47*01	67	105	151	171	268	296
IGLV8/OR8-1*01	67	108	154	174	270	300
IGLV(I)-42*01	63	101	147	167	262	289
IGLV3-17*01	60	92	137	157	253	281
IGLV3-1*01	67	99	145	165	262	285
IGLV4-69*01	67	102	148	180	277	299
IGLV3-25*03	67	99	145	165	262	282
IGLV4-3*01	67	102	148	180	277	314
IGLV5-45*01	67	108	154	186	289	312
IGLV4-60*02	67	102	148	180	277	299
IGLV1-41*02	67	105	151	171	268	296
IGLV5-45*03	67	108	154	186	289	312
IGLV3-7*01	67	99	147	167	260	288
IGLV3-21*03	67	99	145	165	262	290
IGLV(VII)-41-1*01	0	0	0	0	0	0
IGLV1-40*01	67	108	154	174	271	299
IGLV3-21*01	67	99	145	165	262	290
IGLV5-48*02	67	108	154	186	289	312
IGLV2-23*01	67	108	154	174	271	298
IGLV2-34*01	67	108	154	174	271	297
IGLV5-48*01	67	108	154	186	289	312
IGLV1-47*02	67	105	151	171	268	296
IGLV8-61*03	59	100	146	166	0	0
IGLV10-54*02	67	105	151	171	268	296
IGLV(IV)-64*01	63	104	149	181	284	319
IGLV3-25*02	67	99	145	165	262	290
IGLV3-10*01	67	99	145	165	262	290
IGLV(I)-63*01	67	107	153	173	269	297
IGLV7-46*01	67	108	154	174	271	294
IGLV2-11*02	67	108	154	174	271	297
IGLV5-37*01	67	108	154	186	289	312
IGLV3-12*02	67	99	145	165	262	290
IGLV3-6*01	67	99	143	163	256	284
IGLV3-12*01	67	99	145	165	262	290
IGLV1-50*01	67	108	154	174	271	299
IGLV3-25*01	67	99	145	165	262	290
IGLV3-27*01	67	99	145	165	262	284
IGLV3-9*01	67	99	145	165	262	285
IGLV11-55*01	67	108	154	186	289	312
IGLV5-39*02	67	108	154	186	289	312
IGLV2-18*04	67	108	154	174	271	297
IGLV8/OR8-1*02	67	108	154	174	271	294
IGLV8-61*01	67	108	154	174	271	296
IGLV1-40*02	67	108	154	174	271	299
IGLV(I)-70*01	67	105	151	168	265	293
IGLV3-29*01	67	99	145	165	257	280
IGLV2-5*01	67	108	154	174	271	298
IGLV2-33*03	67	108	154	174	271	297
IGLV3-15*01	67	99	144	164	257	285
IGLV2-5*02	67	108	154	174	271	298
IGLV1-40*03	67	108	154	174	271	297
IGLV5-52*01	67	108	154	186	289	317
IGLV2-18*03	67	108	154	174	271	297
IGLV1-51*02	67	105	151	171	268	296
IGLV3-16*01	67	99	145	165	262	290
IGLV(I)-38*01	65	103	149	169	260	291
IGLV10-67*01	67	105	151	171	267	295
IGLV3-13*01	67	99	145	165	262	284
IGLV3-9*02	67	99	145	165	262	290
IGLV(IV)-65*01	67	108	152	184	283	307
IGLV9-49*03	67	102	148	183	280	317
IGLV2-14*01	67	108	154	174	271	297
IGLV2-11*03	44	85	131	151	248	274
IGLV(VI)-25-1*01	66	106	151	171	239	290
IGLV3-24*02	67	99	145	165	256	284
IGLV(V)-58*01	69	104	150	183	275	308
IGLV5-45*04	67	108	154	186	289	312
IGLV3-30*02	67	99	145	165	250	295
IGLV(VI)-22-1*01	65	105	150	170	263	289
IGLV3-19*01	67	99	145	165	262	290
IGLV(IV)-53*01	65	108	153	185	288	313
IGLV2-33*02	67	108	154	174	271	297
IGLV3-10*02	67	99	145	165	262	285
IGLV3-6*02	68	100	143	163	256	284
IGLV7-46*03	67	108	154	174	270	293
IGLV3-21*02	67	99	145	165	262	290
IGLV(IV)-59*01	66	107	153	185	283	324
IGLV2-33*01	67	108	154	174	271	297
IGLV1-62*01	67	108	154	174	271	298
IGLV(IV)-66-1*01	67	108	154	186	288	316
IGLV2-8*03	44	85	131	151	248	274
IGLV1-51*01	67	105	151	171	268	296
IGLV3-31*02	67	99	145	165	262	290
IGLV3-30*01	67	99	145	165	250	295
IGLV6-57*02	67	105	151	171	274	296
IGLV2-11*01	67	108	154	174	271	297
IGLV3-24*01	67	99	145	165	255	283
IGLV3-2*01	67	99	145	165	258	284
IGLV3-9*03	67	98	144	164	261	284
IGLV10-54*01	67	105	151	171	268	296
IGLV(I)-20*01	0	0	143	163	260	286
IGLV1-44*01	67	105	151	171	268	296
IGLV3-26*01	67	99	145	165	261	289
IGLV5-45*02	67	108	154	186	289	312
IGLV4-60*01	67	102	148	180	277	297
IGLV9-49*01	67	102	148	183	280	317
IGLV2-14*03	44	85	131	151	248	274
IGLV1-41*01	67	105	151	171	268	296
IGLV2-NL1*01	67	108	154	174	271	297
IGLV9-49*02	67	102	148	183	280	317
IGLV8-61*02	67	108	154	174	271	296
IGLV2-14*02	67	108	154	174	271	297
IGLV2-8*01	67	108	154	174	271	297
IGLV4-60*03	67	102	148	180	277	297
IGLV11-55*02	67	108	154	186	289	312
IGLV2-28*01	67	108	141	161	259	285
IGLV2-8*02	67	108	154	174	271	297
