IGHV7-4*01	91	105	148	204	301	306
IGHV5-6-5*01	91	105	148	195	292	293
IGHV1S100*01	91	105	148	198	0	0
IGHV8S6*01	91	111	154	201	0	0
IGHV14-3*01	91	105	148	198	0	0
IGHV5-15*05	91	105	148	198	295	296
IGHV1S28*01	91	105	148	198	0	0
IGHV8-13*01	91	111	154	201	298	301
IGHV8S1*01	91	108	150	198	294	296
IGHV5S12*01	64	78	121	168	0	0
IGHV1-54*02	91	105	148	198	0	0
IGHV1-18*02	91	105	148	198	0	0
IGHV1S45*01	91	105	148	198	0	0
IGHV1-44*01	91	105	149	199	0	0
IGHV1-62-2*01	91	105	148	198	295	302
IGHV1-12*01	91	105	148	198	0	0
IGHV1S67*02	91	105	148	198	0	0
IGHV1-50*01	91	105	148	198	0	0
IGHV6-1*02	0	0	0	0	0	0
IGHV1S12*01	91	105	148	198	0	0
IGHV8-1*01	91	105	148	198	284	291
IGHV9-3*03	91	105	148	198	0	0
IGHV5S24*01	91	105	148	198	295	297
IGHV5-12-3*01	91	105	148	197	294	295
IGHV1-80*01	91	105	148	198	0	0
IGHV5-2*01	91	105	148	198	295	296
IGHV11-2*01	91	105	148	198	295	296
IGHV3-4*02	91	111	154	201	298	299
IGHV1S65*01	91	105	148	198	0	0
IGHV1S9*01	91	105	148	198	0	0
IGHV1-20*01	91	105	148	198	0	0
IGHV5-10*01	0	0	0	0	0	0
IGHV5-15*03	58	72	115	165	0	0
IGHV5-15*02	91	105	148	198	295	296
IGHV6-2*02	80	94	137	187	284	291
IGHV10-1*01	91	105	148	204	301	302
IGHV13-2*02	91	105	148	204	301	302
IGHV(II)-3*01	91	105	148	194	290	291
IGHV1-51*01	91	105	148	198	295	300
IGHV1-55*01	91	105	148	198	0	0
IGHV1-78*01	91	105	148	198	0	0
IGHV1-85*01	91	105	148	198	0	0
IGHV8S9*01	91	111	154	201	0	0
IGHV10S4*01	91	105	148	204	0	0
IGHV3-6*01	91	108	151	198	295	296
IGHV1-24*01	91	105	148	198	0	0
IGHV5-13*02	0	0	0	0	0	0
IGHV3-7*02	91	108	151	198	293	296
IGHV10-3*02	91	105	148	204	301	302
IGHV13-1*02	91	105	148	204	294	304
IGHV1-62-3*01	91	105	148	198	0	0
IGHV2-8*02	89	103	146	193	290	293
IGHV1S32*01	82	96	139	189	0	0
IGHV1-32*01	91	105	148	198	0	0
IGHV8-9*03	91	111	154	201	0	0
IGHV1S132*01	91	105	148	198	0	0
IGHV(III)-2*01	90	103	145	192	282	288
IGHV2-6-6*01	91	105	148	195	292	293
IGHV15-1*02	97	114	145	195	277	291
IGHV1-76*01	91	105	148	198	0	0
IGHV1-75*01	91	105	148	198	0	0
IGHV1-35*02	91	105	148	198	294	294
IGHV1-1*01	91	105	148	198	288	294
IGHV5-6-6*01	91	105	148	198	0	0
IGHV1S22*01	82	96	139	189	0	0
IGHV15-2*02	91	108	151	201	0	0
IGHV7-1*02	91	105	148	204	301	306
IGHV1S30*02	82	96	139	189	0	0
IGHV8-7*01	91	111	154	201	0	0
IGHV1-4*01	91	105	148	198	0	0
IGHV(III)-6*01	91	101	140	189	287	288
IGHV1S20*01	48	62	105	155	0	0
IGHV1S10*01	91	105	148	198	0	0
IGHV(II)-4*01	91	105	148	194	289	290
IGHV14-4*02	91	105	148	198	0	0
IGHV1-67*01	91	105	148	198	0	0
IGHV10-1*02	91	105	148	204	301	302
IGHV1-48*01	91	105	148	198	0	0
IGHV2-5-1*01	91	105	148	195	292	293
IGHV1S121*01	91	105	148	198	0	0
IGHV1S110*01	91	105	148	198	0	0
IGHV12-2*01	91	111	154	201	290	305
IGHV1S96*01	91	105	148	195	0	0
IGHV2-4-1*01	91	105	148	195	292	293
IGHV1S46*01	91	105	148	198	295	295
IGHV(II)-5*01	89	103	146	192	287	288
IGHV1-83*01	91	105	148	198	0	0
IGHV5-2*03	91	105	148	198	295	297
IGHV1-64*01	91	105	148	198	0	0
IGHV5S4*01	91	105	148	198	0	0
IGHV2-6-4*01	91	105	148	195	292	293
IGHV7-1*03	91	105	148	204	301	306
IGHV5-6-4*02	91	105	148	198	0	0
IGHV1-17-1*01	91	105	148	198	0	0
IGHV2-6-1*01	91	105	148	195	292	293
IGHV1-69*03	91	105	148	198	0	0
IGHV8-5*02	91	111	154	201	0	0
IGHV5-11*01	79	93	136	186	0	0
IGHV10S5*01	90	104	147	203	298	299
IGHV9-4*02	91	105	148	198	0	0
IGHV5-16*01	91	105	148	198	295	296
IGHV1S74*01	91	105	148	198	0	0
IGHV1-82*01	91	105	148	198	0	0
IGHV1-72*01	91	105	148	198	0	0
IGHV1S53*03	91	105	148	198	0	0
IGHV1S101*01	91	105	148	198	0	0
IGHV1-72*03	91	105	148	198	0	0
IGHV16-1*01	94	108	151	201	298	299
IGHV2-5*01	91	105	148	195	292	293
IGHV7-4*04	91	105	148	204	301	306
IGHV15-1*01	98	114	145	195	277	291
IGHV3-5*02	91	111	154	201	298	299
IGHV1S67*01	91	105	148	198	0	0
IGHV6-7*01	91	105	148	204	0	0
IGHV1-3*01	91	105	148	198	257	302
IGHV1S111*01	91	105	148	198	0	0
IGHV1-87*01	91	105	148	198	293	294
IGHV12-1-2*01	91	111	154	201	298	305
IGHV2-4*02	91	105	148	195	292	293
IGHV12-3*01	91	108	151	198	295	300
IGHV5-9-1*01	91	105	148	198	0	0
IGHV1-66*01	91	105	148	198	0	0
IGHV1S19*01	91	105	148	198	294	294
IGHV5-8*01	89	103	146	196	0	0
IGHV1-13*01	91	105	148	198	289	294
IGHV3-3*03	0	0	3	50	147	148
IGHV1-17*01	90	104	147	197	0	0
IGHV1S113*01	91	105	148	198	0	0
IGHV1-14*01	91	105	148	198	0	0
IGHV1-43*01	91	105	148	198	0	0
IGHV1-15*01	91	105	148	198	0	0
IGHV1-7*01	91	105	148	198	0	0
IGHV6-3*03	91	105	148	204	0	0
IGHV(III)-1*01	101	115	158	205	292	301
IGHV(II)-2*01	102	116	159	205	300	301
IGHV5-12-2*02	58	72	115	165	262	263
IGHV8-12*01	91	111	154	201	298	301
IGHV12-2-1*01	91	111	154	201	298	305
IGHV5-9*01	91	105	148	198	295	296
IGHV1S70*01	91	105	148	198	0	0
IGHV8-8-1*01	91	111	154	201	298	301
IGHV5-15*04	91	105	148	198	295	297
IGHV8-6*01	91	111	154	201	0	0
IGHV1-42*01	91	105	148	198	0	0
IGHV3-1*01	91	108	151	198	295	296
IGHV1-35*01	91	105	148	198	294	296
IGHV1S36*01	91	105	148	198	0	0
IGHV1S21*01	48	62	105	155	0	0
IGHV1S15*01	91	105	148	198	293	294
IGHV6-6*01	91	105	148	204	0	0
IGHV14-2*01	91	105	148	198	0	0
IGHV1S35*01	91	105	148	198	0	0
IGHV1-74*01	91	105	148	198	0	0
IGHV14-3*02	91	105	148	198	0	0
IGHV1S65*03	91	105	148	198	0	0
IGHV3-7*01	91	108	151	198	293	296
IGHV1-53*01	91	105	148	198	0	0
IGHV1S29*02	91	105	148	198	0	0
IGHV6-4*02	91	105	148	204	0	0
IGHV6-2*01	80	94	137	187	283	290
IGHV1-56*02	91	105	148	198	0	0
IGHV1-20*02	91	105	148	198	0	0
IGHV2-6-2*01	91	105	148	195	292	293
IGHV9-2-1*01	91	105	148	198	0	0
IGHV1-65*01	91	105	147	196	293	293
IGHV6-3*01	91	105	148	204	0	0
IGHV6-4*01	91	105	148	204	0	0
IGHV8-4*01	91	111	154	201	298	301
IGHV3-5*01	91	111	154	201	298	299
IGHV4-2*01	91	105	148	198	295	296
IGHV1-37*01	91	105	148	198	0	0
IGHV9S7*01	87	101	144	194	0	0
IGHV12-2*02	91	119	162	208	305	312
IGHV5-6*03	91	105	148	198	295	297
IGHV1-55*03	91	105	148	198	251	252
IGHV1-45*01	92	106	149	199	0	0
IGHV1S84*01	91	105	148	198	0	0
IGHV5-9*04	91	105	148	198	295	295
IGHV1S17*01	91	105	148	198	0	0
IGHV7-3*02	91	105	148	204	301	304
IGHV9-4*03	83	97	140	190	0	0
IGHV7-2*01	91	105	148	204	301	306
IGHV5-17*02	91	105	148	198	0	0
IGHV2-7*02	0	0	19	66	163	164
IGHV7-4*03	91	105	148	204	301	306
IGHV4-2*02	91	105	148	198	295	296
IGHV(III)-10*01	101	114	157	204	291	295
IGHV1-10*01	91	105	156	206	299	308
IGHV2-6-7*01	91	105	148	195	292	293
IGHV14S4*01	88	102	145	195	0	0
IGHV8-9*01	91	111	154	201	298	301
IGHV2-9*02	91	105	148	195	292	293
IGHV1-26*01	91	105	148	198	0	0
IGHV1S95*01	91	105	148	198	251	252
IGHV3-8*02	91	105	148	195	292	293
IGHV1S34*01	63	77	120	170	0	0
IGHV1-61*01	91	105	148	198	0	0
IGHV1S49*01	91	105	148	198	0	0
IGHV1S65*02	91	105	148	198	0	0
IGHV1-81*01	91	105	148	198	0	0
IGHV1S57*01	90	104	147	197	0	0
IGHV5-11-2*01	91	105	148	198	268	294
IGHV8S2*01	91	111	154	201	298	301
IGHV5-7-1*01	0	0	0	0	0	0
IGHV9-4*01	91	105	148	198	0	0
IGHV1-34*02	91	105	148	198	0	0
IGHV6-3*02	91	105	148	204	0	0
IGHV1S72*01	91	105	148	198	0	0
IGHV1-69*02	91	105	148	198	0	0
IGHV1-31*01	91	105	148	198	0	0
IGHV1S88*01	90	104	147	197	0	0
IGHV3-8*01	91	105	148	195	292	293
IGHV1S113*02	91	105	148	198	0	0
IGHV5-9-1*02	91	105	148	198	0	0
IGHV8-15*01	90	110	153	199	294	299
IGHV1-62*01	90	104	147	197	0	0
IGHV1S78*01	91	105	148	198	0	0
IGHV3-1*02	91	108	151	198	0	0
IGHV1S130*01	91	105	148	198	0	0
IGHV1-77*01	91	105	148	198	0	0
IGHV9-1*03	91	105	148	198	0	0
IGHV2-6-7*02	91	105	148	195	292	293
IGHV1-72*02	91	105	148	198	0	0
IGHV7-4*02	91	105	148	204	301	306
IGHV1S112*01	91	105	148	198	0	0
IGHV1-38*01	90	104	147	197	293	293
IGHV5-10-1*01	0	0	0	0	0	0
IGHV12-1-1*01	91	111	154	201	298	305
IGHV1S120*02	91	105	148	198	0	0
IGHV4-1*02	91	105	148	198	295	296
IGHV1S101*02	91	105	148	198	0	0
IGHV1-74*02	91	105	148	198	0	0
IGHV1S81*01	91	105	148	198	0	0
IGHV1-71*02	82	96	139	189	286	293
IGHV5-4*03	91	105	148	198	295	297
IGHV(III)-8*01	262	276	0	0	0	0
IGHV1-29*01	91	105	143	189	0	0
IGHV(II)-1*01	91	105	148	194	289	290
IGHV10-3*03	91	105	148	204	301	302
IGHV1S92*01	91	105	148	198	251	252
IGHV1-53*03	91	105	148	198	251	252
IGHV1S108*01	91	105	148	198	0	0
IGHV1S73*01	91	105	148	198	0	0
IGHV5-10-2*01	0	0	0	0	0	0
IGHV1S103*01	91	105	148	198	250	253
IGHV1S127*01	91	105	148	198	0	0
IGHV14-1*01	91	105	148	198	0	0
IGHV2-6*02	91	105	148	195	292	293
IGHV12-3*02	91	108	151	198	295	300
IGHV2-7*01	91	105	148	195	292	293
IGHV5-19*02	91	100	140	190	287	288
IGHV1S44*01	91	105	148	198	0	0
IGHV1S47*01	91	105	148	198	0	0
IGHV1-35*03	91	105	148	198	250	254
IGHV5-9*03	91	105	148	198	295	296
IGHV2-4*01	91	105	148	195	292	293
IGHV6S4*01	76	90	133	165	0	0
IGHV3S1*02	91	105	148	195	292	293
IGHV6-7*02	91	105	148	204	0	0
IGHV1-69*01	91	105	148	198	0	0
IGHV9-2*02	91	105	148	198	0	0
IGHV1-84*01	91	105	148	198	0	0
IGHV2-2*02	91	105	148	195	292	293
IGHV11-1*02	91	105	148	198	295	296
IGHV1S18*01	91	105	148	198	0	0
IGHV9-1*04	91	105	148	198	0	0
IGHV1-74*03	91	105	148	198	251	252
IGHV7-3*03	91	105	148	204	299	304
IGHV1S61*01	91	105	148	198	0	0
IGHV6-5*01	91	105	148	204	0	0
IGHV5S4*02	91	105	148	198	295	296
IGHV12-1*01	91	111	154	201	292	305
IGHV(III)-4*01	91	105	148	198	0	0
IGHV1-74*04	91	105	148	198	0	0
IGHV2-3-1*01	91	105	148	195	292	293
IGHV1S53*02	91	105	148	198	0	0
IGHV1-19*01	91	105	148	198	0	0
IGHV5-7-4*01	0	0	0	0	0	0
IGHV1-25*01	91	105	148	198	0	0
IGHV1S75*01	91	105	148	198	0	0
IGHV1S29*01	91	105	148	198	0	0
IGHV5-6-2*01	91	105	148	198	295	296
IGHV2-6*01	91	105	148	195	292	293
IGHV4-1*01	91	105	148	198	0	0
IGHV5S9*01	91	105	148	198	295	296
IGHV1-30*01	91	105	148	198	0	0
IGHV10-2*01	91	105	148	201	288	298
IGHV1-34*01	91	105	148	198	0	0
IGHV6-5*02	91	105	148	204	0	0
IGHV5-13*01	0	0	0	0	0	0
IGHV1-47*01	91	105	148	198	0	0
IGHV3-2*01	91	108	151	197	294	295
IGHV1-19-1*01	91	105	148	198	0	0
IGHV1S55*01	91	105	148	198	0	0
IGHV8-16*01	90	110	153	199	294	299
IGHV1S107*01	91	105	148	198	0	0
IGHV5-12-4*01	91	105	148	198	0	0
IGHV1-46*01	91	105	148	198	292	294
IGHV8-8*02	91	111	154	201	0	0
IGHV2S3*01	91	105	148	195	292	293
IGHV3-3*01	91	108	151	198	295	296
IGHV5-6*01	91	105	148	198	295	296
IGHV1-36*01	91	105	148	198	0	0
IGHV5-7*01	0	0	0	0	0	0
IGHV9-3-1*01	91	105	148	198	0	0
IGHV1S33*01	82	96	139	189	0	0
IGHV5-2*02	91	105	148	198	295	296
IGHV(III)-3*01	90	103	146	193	283	289
IGHV2-9-2*01	91	105	148	195	292	293
IGHV1S37*01	82	96	139	189	0	0
IGHV2-2*03	91	105	148	195	292	293
IGHV1S51*01	91	105	148	198	0	0
IGHV5-12-1*01	91	105	148	198	295	296
IGHV1-42*02	91	105	148	198	0	0
IGHV12S2*01	92	109	152	200	0	0
IGHV2-8*01	97	111	154	201	298	299
IGHV5-21*02	91	105	148	171	0	0
IGHV8-14*01	91	111	154	201	298	301
IGHV1-2*01	94	108	151	201	0	0
IGHV5-6*02	91	105	148	198	295	297
IGHV1-9*01	91	105	148	198	0	0
IGHV1-5*01	91	105	148	198	0	0
IGHV(III)-5*01	91	101	140	189	287	288
IGHV1-42*03	91	105	148	198	0	0
IGHV10-4*01	91	105	148	201	288	299
IGHV1-58*01	91	105	148	198	0	0
IGHV3S1*01	91	105	148	195	292	293
IGHV1S56*01	91	105	148	198	0	0
IGHV1-23*01	91	105	148	198	0	0
IGHV8-1*02	91	105	148	198	284	291
IGHV1-63*01	91	105	148	198	0	0
IGHV8-3*01	99	115	147	194	287	295
IGHV5-1*02	91	105	148	198	295	296
IGHV2-2-1*01	91	105	148	195	292	293
IGHV1-58*02	91	105	148	198	0	0
IGHV5-6-2*02	58	72	115	165	0	0
IGHV5-7-3*01	0	0	0	0	0	0
IGHV1S87*01	91	105	148	198	0	0
IGHV6-6*02	91	105	148	204	0	0
IGHV5-12-2*01	91	105	148	198	295	296
IGHV2-6-3*01	88	102	145	192	289	290
IGHV1-49*01	91	105	148	198	0	0
IGHV6S2*01	91	105	148	165	0	0
IGHV(III)-7*01	78	92	134	180	228	228
IGHV1-68*01	83	95	138	188	279	284
IGHV10S3*01	91	105	148	204	301	302
IGHV5-16*02	91	105	148	198	295	297
IGHV1S81*02	91	105	148	198	0	0
IGHV1S40*01	91	105	148	198	0	0
IGHV5-6-4*01	91	105	148	198	295	296
IGHV14-1*02	91	105	148	198	0	0
IGHV5-9-3*01	91	105	148	198	295	296
IGHV12-1*02	91	111	154	201	297	305
IGHV11-2*02	91	105	148	198	295	296
IGHV1-64*02	91	105	148	198	0	0
IGHV7-2*02	91	105	148	204	301	310
IGHV1S10*02	91	105	148	198	0	0
IGHV2-9-1*01	91	105	148	195	292	293
IGHV15-2*01	91	108	151	201	0	0
IGHV1-28*01	91	105	148	198	0	0
IGHV1-11*01	91	105	148	198	0	0
IGHV1S20*02	46	60	103	153	0	0
IGHV1S134*01	91	105	148	198	0	0
IGHV5-12*03	91	105	148	198	295	297
IGHV2-9*01	91	105	148	195	288	293
IGHV9-3*02	91	105	148	198	0	0
IGHV5-21*01	91	105	148	198	295	296
IGHV9-3*01	91	105	148	198	0	0
IGHV5-18*02	90	104	147	197	271	293
IGHV10-3*01	91	105	148	204	301	301
IGHV1S30*01	91	105	148	198	0	0
IGHV3-4*01	91	111	154	201	298	299
IGHV1-60*01	91	105	148	198	295	300
IGHV(III)-11*01	0	0	0	0	0	0
IGHV1-56*01	91	105	148	198	0	0
IGHV13-1*01	91	105	148	204	295	304
IGHV1-72*05	91	105	148	198	0	0
IGHV2-2-2*01	91	105	148	195	292	293
IGHV1S135*01	91	105	148	198	0	0
IGHV1-4*02	91	105	148	198	0	0
IGHV3-2*02	91	108	151	198	0	0
IGHV9-2*01	91	105	148	198	0	0
IGHV8-11*01	91	111	154	201	298	301
IGHV1S68*02	91	105	148	198	0	0
IGHV1S122*01	91	105	148	198	0	0
IGHV7-3*01	91	105	148	204	301	304
IGHV1-53*02	91	105	148	198	0	0
IGHV1S118*01	91	105	148	198	0	0
IGHV2-1*02	91	105	0	0	0	0
IGHV5-5-1*01	79	93	136	186	269	282
IGHV1-16*01	91	105	148	198	0	0
IGHV1S68*01	91	105	148	198	0	0
IGHV1-1*02	91	105	148	198	288	291
IGHV5-5*01	91	105	148	198	268	268
IGHV5-11-1*01	79	93	136	186	278	282
IGHV1-41*01	96	110	148	198	0	0
IGHV5-1*01	91	105	148	198	295	296
IGHV1-71*01	91	105	148	198	295	302
IGHV1S31*01	82	96	139	189	0	0
IGHV1S11*01	91	105	148	198	0	0
IGHV2-6-5*01	91	105	148	195	292	293
IGHV6S3*01	91	105	148	165	0	0
IGHV1-33*02	92	106	148	198	0	0
IGHV1S126*01	91	105	148	198	0	0
IGHV2-1*01	91	105	0	0	0	0
IGHV7-1*01	91	105	148	204	301	306
IGHV5-15*01	91	105	148	198	295	296
IGHV1-62-3*02	91	105	148	198	251	252
IGHV1S53*01	91	105	148	198	0	0
IGHV1S82*01	91	105	148	198	0	0
IGHV5S21*01	91	105	148	198	295	297
IGHV1-79*01	91	105	148	198	0	0
IGHV5-12*02	91	105	148	198	295	296
IGHV5-6-1*01	91	105	148	198	295	296
IGHV1-72*04	91	105	148	198	0	0
IGHV1S136*01	91	105	148	198	0	0
IGHV1S50*01	91	105	148	198	0	0
IGHV2-6-8*01	91	105	148	195	292	293
IGHV5-3*01	79	93	136	186	265	265
IGHV1-21*01	91	105	148	198	0	0
IGHV8-2*01	91	108	151	199	295	300
IGHV5-4*02	91	105	148	198	295	296
IGHV1-53*04	91	105	148	198	0	0
IGHV6-1*01	0	0	0	0	0	0
IGHV5-9-2*01	91	105	148	198	295	296
IGHV7-3*04	91	105	148	204	301	304
IGHV5-8-3*01	89	103	146	196	281	292
IGHV1S112*02	91	105	148	198	0	0
IGHV5-17*01	91	105	148	198	0	0
IGHV1-8*01	91	105	148	198	0	0
IGHV1-63*02	91	105	148	198	0	0
IGHV3-3*02	91	108	151	198	295	296
IGHV1-70*01	91	105	148	198	0	0
IGHV1-18*03	91	105	148	198	0	0
IGHV13-2*01	91	105	148	204	301	302
IGHV3-6*02	91	108	151	198	295	296
IGHV1-33*01	91	105	147	197	0	0
IGHV3-6*03	91	108	151	198	0	0
IGHV1S124*01	91	105	148	198	0	0
IGHV11-1*01	91	105	148	198	295	296
IGHV8-9*02	91	111	154	201	287	288
IGHV1-86*01	91	105	148	200	0	0
IGHV3S7*01	91	105	148	195	292	293
IGHV1-39*01	91	105	148	198	0	0
IGHV1-52*01	91	105	148	198	0	0
IGHV5-5*02	91	105	148	198	274	294
IGHV1-57*01	91	105	147	196	0	0
IGHV(III)-9*01	0	0	0	0	0	0
IGHV8-10*01	91	111	154	201	298	301
IGHV8-8*01	91	111	154	201	298	301
IGHV9S8*01	91	105	148	198	0	0
IGHV1-59*01	91	105	148	198	0	0
IGHV9-1*01	91	105	148	198	0	0
IGHV1S14*01	91	105	148	198	0	0
IGHV5-8-1*01	89	103	146	196	281	292
IGHV5-4*01	91	105	148	198	295	296
IGHV1-21-1*01	91	105	148	198	0	0
IGHV9-1*02	91	105	148	198	0	0
IGHV1-55*02	91	105	148	198	0	0
IGHV1S137*01	91	105	148	198	0	0
IGHV5-19*01	102	108	151	201	296	297
IGHV1S5*01	91	105	148	198	0	0
IGHV1S21*02	46	60	103	153	0	0
IGHV1S52*01	91	105	148	198	0	0
IGHV8-5*01	91	111	154	201	298	301
IGHV1-73*01	91	105	148	198	0	0
IGHV5-9*02	91	105	148	198	295	296
IGHV5-6-3*02	25	39	82	132	229	230
IGHV1S83*01	91	105	148	198	0	0
IGHV1-54*03	91	105	148	198	0	0
IGHV1S36*02	91	105	148	198	0	0
IGHV2-2*01	91	105	148	195	292	293
IGHV5-8-2*01	89	103	146	196	279	292
IGHV13-2*03	91	105	148	204	0	0
IGHV14-4*01	91	105	148	198	0	0
IGHV1-40*01	91	105	148	198	0	0
IGHV1S41*01	64	78	121	171	0	0
IGHV1-62-1*01	91	105	148	198	292	294
IGHV1S120*01	91	105	148	198	0	0
IGHV1S26*01	91	105	148	198	0	0
IGHV14-2*02	91	105	148	198	0	0
IGHV5-9-5*01	91	105	148	198	295	296
IGHV6-1-1*01	0	0	0	0	0	0
IGHV1-84*02	91	105	148	198	0	0
IGHV5-7-2*01	0	0	0	0	0	0
IGHV5-9-4*01	91	105	148	198	295	296
IGHV1-27*01	91	105	148	198	294	294
IGHV5-18*01	88	102	145	195	269	296
IGHV1-55*04	91	105	148	198	0	0
IGHV5-6-3*01	91	105	148	198	295	296
IGHV1S75*02	91	105	148	198	0	0
IGHV5-13-1*01	0	0	0	0	0	0
IGHV1-6*01	91	105	148	198	257	293
IGHV1-18*01	91	105	148	198	0	0
IGHV5-17*03	91	105	148	198	294	297
IGHV1-54*01	91	105	148	198	0	0
IGHV1-22*01	91	105	148	198	0	0
IGHV1S16*01	91	105	148	198	293	294
IGHV2-6*03	91	105	148	195	0	0
IGHV5-7-5*01	0	0	0	0	0	0
IGHV5-12*01	91	105	148	198	295	296
IGHV2-3*01	91	105	148	195	292	293
hVH1-2	91	105	148	198	295	296