IGKV2-109*02	70	117	163	183	280	302
IGKV10-96*01	70	102	148	168	265	286
IGKV1-115*01	70	117	163	183	280	302
IGKV9-123*01	70	102	148	168	265	285
IGKV2-116*01	66	95	141	161	258	280
IGKV14-118-2*01	64	96	142	154	247	273
IGKV13-64*01	69	100	146	166	263	285
IGKV12-41*02	70	102	148	168	265	287
IGKV12-42*01	70	102	148	163	249	271
IGKV3-7*01	70	114	160	180	277	299
IGKV4-83*01	70	99	145	165	262	286
IGKV14-130*01	70	102	148	168	265	287
IGKV4-51*01	70	105	151	171	268	292
IGKV9-124*01	70	102	148	168	265	285
IGKV4-55*01	70	99	145	165	262	286
IGKV1-136*01	69	115	161	181	273	298
IGKV2-137*01	70	117	163	183	280	302
IGKV6-d*01	70	102	148	168	265	287
IGKV6-32*02	70	102	148	168	265	287
IGKV10-96*06	70	102	148	168	265	287
IGKV12-46*01	70	102	148	168	265	287
IGKV11-125*01	70	102	148	168	265	287
IGKV1-132*01	70	117	163	183	280	302
IGKV9-129*01	70	102	148	168	265	287
IGKV13-62-1*02	70	102	148	168	201	255
IGKV1-35*01	70	117	163	183	280	302
IGKV4-69*01	70	99	145	165	262	282
IGKV13-84*01	70	102	148	168	265	287
IGKV1-131*01	70	117	163	183	280	302
IGKV6-29*01	70	102	148	168	265	287
IGKV4-74*01	70	105	151	171	268	292
IGKV2-f*01	70	117	163	183	281	302
IGKV8-19*01	70	120	166	186	283	305
IGKV17/OR19-2*01	70	102	148	168	265	287
IGKV2-107*01	58	105	135	154	231	252
IGKV8-31*02	70	119	165	190	287	309
IGKV3-1*01	70	114	160	180	277	299
IGKV1/OR16-1*01	42	90	136	156	252	274
IGKV10-94*01	70	102	148	168	265	287
IGKV2-f*03	70	117	163	183	281	298
IGKV14-126-1*01	64	96	142	162	254	280
IGKV12-49*01	70	102	149	169	219	283
IGKV13-85*02	70	102	148	168	0	0
IGKV12-44*01	70	102	148	168	265	287
IGKV10-94*04	70	102	148	168	265	287
IGKV8-18*01	70	120	166	186	283	310
IGKV19-93*02	70	102	148	168	265	287
IGKV8-21*01	70	120	166	186	283	302
IGKV3-6*01	70	117	163	183	280	868
IGKV13-85*01	70	102	148	168	265	287
IGKV3-2*01	70	114	160	180	277	299
IGKV13-76*01	70	102	148	168	265	287
IGKV5-43*01	70	102	148	168	265	287
IGKV2-93-1*01	73	120	0	0	0	0
IGKV4-61*01	70	99	145	165	262	286
IGKV4-57-1*01	70	105	151	171	268	293
IGKV14-134-1*01	58	90	136	156	249	275
IGKV14-126*02	71	103	149	169	266	288
IGKV2-105*01	70	118	164	184	282	303
IGKV13-80-1*01	70	102	148	168	0	0
IGKV14-126*01	70	102	148	168	265	287
IGKV4-79*01	70	105	151	171	268	292
IGKV8-28*02	70	120	166	186	283	302
IGKV2-137*02	65	112	158	178	278	300
IGKV4-62*01	70	99	145	165	262	286
IGKV8-16*01	70	120	166	186	283	305
IGKV1-135*01	70	117	163	183	280	302
IGKV5-45*01	70	102	148	168	265	287
IGKV4-68*01	70	99	145	165	262	286
IGKV14-100*01	70	102	148	168	265	287
IGKV4-50*01	70	99	145	165	262	286
IGKV3-3*01	70	114	160	180	277	299
IGKV10-96*05	70	102	148	168	265	287
IGKV4-77*01	70	99	145	165	262	286
IGKV13-89-1*01	70	102	143	155	186	242
IGKV9-128*01	70	102	148	168	265	287
IGKV10-94*03	70	102	148	168	265	287
IGKV5-39*01	70	102	148	168	265	287
IGKV6-c*01	70	102	148	168	265	287
IGKV3-5*01	70	114	160	180	277	299
IGKV10-96*02	70	102	148	168	265	287
IGKV9-120*01	70	102	148	168	265	285
IGKV13-78-1*01	70	102	148	166	199	200
IGKV6-20*01	70	102	148	168	265	287
IGKV13-74-1*01	70	102	148	168	0	0
IGKV11-106*01	70	100	146	166	263	285
IGKV2-113*01	70	117	163	183	281	302
IGKV7-33*01	70	120	166	186	283	305
IGKV4-80*01	70	99	145	165	262	282
IGKV16-104*01	70	102	148	168	265	288
IGKV10-94*02	70	102	148	168	265	287
IGKV11-114*01	68	100	145	165	262	284
IGKV6-14*01	70	102	148	168	265	287
IGKV2-a*01	70	117	163	183	280	302
IGKV1-110*01	70	117	163	183	280	302
IGKV6-17*01	70	102	148	168	265	287
IGKV15-101-1*01	0	0	126	146	228	258
IGKV4-53*01	70	105	151	171	268	292
IGKV4-75*01	70	105	151	171	268	292
IGKV8-27*01	70	120	166	186	283	300
IGKV4-70*01	70	99	145	165	262	282
IGKV13-54-1*01	70	102	148	168	201	254
IGKV4-60*01	70	105	151	171	268	292
IGKV13-61-1*01	70	102	148	168	201	254
IGKV8-24*01	70	120	166	186	283	305
IGKV10-95*01	70	102	148	168	265	287
IGKV5-40-1*01	70	102	152	172	198	299
IGKV19-93*01	70	102	148	168	265	287
IGKV8-22*01	70	120	166	191	288	307
IGKV2-109*03	70	117	163	183	280	302
IGKV2-112*02	70	117	163	183	280	301
IGKV12-66*01	71	103	149	169	266	288
IGKV6-32*01	70	102	148	168	265	287
IGKV4-56*01	70	99	145	165	262	286
IGKV13-73-1*01	71	103	148	168	0	0
IGKV8-30*01	70	120	166	186	283	305
IGKV3-12-1*01	70	114	151	171	269	291
IGKV10-96*04	70	102	148	168	265	287
IGKV8-34*01	70	120	166	186	283	305
IGKV12-e*01	70	102	148	168	265	287
IGKV13-64*02	69	101	147	167	264	286
IGKV3-8*01	70	114	161	180	277	299
IGKV1/OR6-1*01	81	128	158	178	274	296
IGKV10-94*07	70	102	148	168	265	287
IGKV2-109*01	70	117	163	183	280	302
IGKV6-15*01	70	102	148	168	265	287
IGKV5-48*01	70	102	148	168	265	287
IGKV20-101-2*01	67	99	145	165	262	282
IGKV13-62-1*01	70	102	148	168	201	254
IGKV4-63*01	70	99	145	165	262	286
IGKV14/OR6-2*01	70	102	148	168	267	289
IGKV8-31*01	70	120	166	191	288	310
IGKV14-118-1*01	70	92	135	155	252	274
IGKV1-122*01	70	117	163	183	280	302
IGKV1/OR19-1*01	68	115	161	181	277	299
IGKV4-86*01	70	99	145	165	262	283
IGKV12-40*01	70	102	148	168	265	287
IGKV10-94*08	70	102	148	168	265	287
IGKV10-96*03	70	102	148	168	265	287
IGKV3-4*01	70	114	160	180	277	299
IGKV10-94*05	70	102	148	168	265	287
IGKV4-91*01	70	105	151	171	268	292
IGKV4-52*01	70	99	145	165	262	286
IGKV17-134*01	70	98	144	164	261	283
IGKV15-101*01	70	102	148	168	265	287
IGKV8-28*01	70	120	166	186	283	305
IGKV6-25*01	70	102	148	168	265	287
IGKV1-117*02	70	117	163	183	280	302
IGKV4-58*01	70	105	151	171	268	292
IGKV17/OR16-3*01	70	102	148	168	265	287
IGKV2-f*02	70	117	163	183	281	302
IGKV12-41*01	70	102	148	168	265	287
IGKV6-23*01	70	102	148	168	265	287
IGKV12-98*01	70	102	148	168	265	287
IGKV2-109*04	70	117	163	183	280	302
IGKV1-133*01	70	117	163	183	280	302
IGKV8-23-1*01	49	99	145	165	262	284
IGKV17-127*01	70	102	148	168	265	287
IGKV13-82*01	70	102	148	168	265	286
IGKV15-103*01	70	102	148	168	265	287
IGKV4-71*01	70	99	145	165	262	286
IGKV14/OR16-2*01	64	96	142	162	259	281
IGKV12-67*01	71	103	149	169	266	288
IGKV4-65*01	70	105	151	171	267	291
IGKV4-90*01	70	99	145	165	262	285
IGKV3-11*01	70	117	163	183	280	868
IGKV4-72*01	70	99	145	165	262	286
IGKV6-b*01	70	102	148	168	265	287
IGKV4-54*01	70	99	145	165	262	286
IGKV3-9*01	70	114	160	180	277	299
IGKV2-95-1*01	73	120	165	174	0	0
IGKV1-108*01	66	113	160	180	277	299
IGKV14/OR6-3*01	70	103	146	166	263	285
IGKV8-26*01	70	120	166	186	283	311
IGKV1-117*01	70	117	163	183	280	302
IGKV4-92*01	70	105	151	171	268	291
IGKV13-56-1*01	80	112	157	177	0	0
IGKV2-112*01	70	117	163	183	280	300
IGKV9-119*01	70	102	148	168	265	287
IGKV14-111*01	70	102	148	168	265	287
IGKV15-97*01	70	102	148	168	253	273
IGKV13-85*03	70	102	148	168	0	0
IGKV3-10*01	70	114	160	180	277	299
IGKV12-47*01	70	102	148	168	265	275
IGKV6-13*01	70	102	148	168	265	285
IGKV1-88*01	70	117	163	183	280	302
IGKV12-38*01	70	102	148	168	265	287
IGKV11-118*01	71	102	148	168	264	286
IGKV17-121*01	70	102	148	168	265	287
IGKV13-55-1*01	70	102	148	168	201	254
IGKV18-36*01	70	102	148	168	265	287
IGKV2-95-2*01	73	120	0	0	0	0
IGKV10-94*06	70	102	148	168	265	287
IGKV5-37*01	70	102	148	168	265	287
IGKV1-110*02	70	117	163	183	280	302
IGKV13-87*01	70	102	148	168	264	286
IGKV4-73*01	70	105	151	171	268	292
IGKV12-89*01	70	102	148	168	265	287
IGKV4-57*01	70	99	145	165	262	286
IGKV3-12*01	70	114	160	180	277	299
IGKV13-57-1*01	70	102	148	168	201	250
IGKV1-99*01	70	117	163	183	280	302
IGKV4-59*01	70	99	145	165	262	286
IGKV13-57-2*01	67	99	145	165	262	278
IGKV15-102*01	70	102	148	168	265	287
IGKV4-81*01	70	105	151	171	268	292
IGKV13-71-1*01	70	102	148	168	181	232
IGKV4-78*01	70	105	151	171	268	292
IGLV1*01	67	108	154	174	271	294
IGLV2*01	67	108	154	174	271	294
IGLV7*02	57	95	141	161	0	0
IGLV2*02	67	108	154	174	271	294
IGLV4*02	57	95	141	161	0	0
IGLV5*01	57	95	141	161	0	0
IGLV8*02	57	95	141	161	0	0
IGLV8*01	57	95	141	161	0	0
IGLV7*01	57	95	141	161	0	0
IGLV6*01	57	95	141	161	0	0
IGLV3*01	67	102	160	180	277	313
IGLV3*01	67	102	160	180	277	309
IGLV4*01	57	95	141	161	0	0
IGLV4*01	57	95	141	161	0	0
IGLV1*02	67	108	154	174	271	294
IGLV2*01	67	108	154	174	271	294
IGLV6*02	57	95	141	161	0	0
IGLV6*03	57	95	141	161	0	0
IGLV8*01	57	95	141	161	0	0