IGHV1-11*01	76	99	150	174	0	0
IGHV1-12*01	76	99	150	174	0	0
IGHV1-13*01	76	99	150	174	0	0
IGHV1-14*01	76	99	150	174	0	0
IGHV1-15*01	76	99	150	174	0	0
IGHV1-16*01	76	99	150	174	0	0
IGHV1-17-1*01	76	99	150	174	0	0
IGHV1-18*01	76	99	150	174	0	0
IGHV1-18*02	76	99	150	174	0	0
IGHV1-18*03	76	99	150	174	0	0
IGHV1-19*01	76	99	150	174	0	0
IGHV1-19-1*01	76	99	150	174	0	0
IGHV1-20*01	76	99	150	174	0	0
IGHV1-20*02	76	99	150	174	0	0
IGHV1-21*01	76	99	150	174	0	0
IGHV1-21-1*01	76	99	150	174	0	0
IGHV1-22*01	76	99	150	174	0	0
IGHV1-23*01	76	99	150	174	0	0
IGHV1-24*01	76	99	150	174	0	0
IGHV1-25*01	76	99	150	174	0	0
IGHV1-26*01	76	99	150	174	0	0
IGHV1-27*01	76	99	150	174	0	0
IGHV1-28*01	76	99	150	174	0	0
IGHV1-31*01	76	99	150	174	0	0
IGHV1-32*01	76	99	150	174	0	0
IGHV1-34*01	76	99	150	174	0	0
IGHV1-34*02	76	99	150	174	0	0
IGHV1-35*01	76	99	150	174	0	0
IGHV1-35*02	76	99	150	174	0	0
IGHV1-35*03	76	99	150	174	0	0
IGHV1-36*01	76	99	150	174	0	0
IGHV1-37*01	76	99	150	174	0	0
IGHV1-39*01	76	99	150	174	0	0
IGHV1-4*01	76	99	150	174	0	0
IGHV1-4*02	76	99	150	174	0	0
IGHV1-42*01	76	99	150	174	0	0
IGHV1-42*02	76	99	150	174	0	0
IGHV1-42*03	76	99	150	174	0	0
IGHV1-43*01	76	99	150	174	0	0
IGHV1-46*01	76	99	150	174	0	0
IGHV1-47*01	76	99	150	174	0	0
IGHV1-48*01	76	99	150	174	0	0
IGHV1-49*01	76	99	150	174	0	0
IGHV1-5*01	76	99	150	174	0	0
IGHV1-50*01	76	99	150	174	0	0
IGHV1-51*01	76	99	150	174	0	0
IGHV1-52*01	76	99	150	174	0	0
IGHV1-53*01	76	99	150	174	0	0
IGHV1-53*02	76	99	150	174	0	0
IGHV1-53*03	76	99	150	174	0	0
IGHV1-53*04	76	99	150	174	0	0
IGHV1-54*01	76	99	150	174	0	0
IGHV1-54*02	76	99	150	174	0	0
IGHV1-54*03	76	99	150	174	0	0
IGHV1-55*01	76	99	150	174	0	0
IGHV1-55*02	76	99	150	174	0	0
IGHV1-55*03	76	99	150	174	0	0
IGHV1-55*04	76	99	150	174	0	0
IGHV1-56*01	76	99	150	174	0	0
IGHV1-56*02	76	99	150	174	0	0
IGHV1-58*01	76	99	150	174	0	0
IGHV1-58*02	76	99	150	174	0	0
IGHV1-59*01	76	99	150	174	0	0
IGHV1-60*01	76	99	150	174	0	0
IGHV1-61*01	76	99	150	174	0	0
IGHV1-62-1*01	76	99	150	174	0	0
IGHV1-62-2*01	76	99	150	174	0	0
IGHV1-62-3*01	76	99	150	174	0	0
IGHV1-62-3*02	76	99	150	174	0	0
IGHV1-63*01	76	99	150	174	0	0
IGHV1-63*02	76	99	150	174	0	0
IGHV1-64*01	76	99	150	174	0	0
IGHV1-64*02	76	99	150	174	0	0
IGHV1-66*01	76	99	150	174	0	0
IGHV1-67*01	76	99	150	174	0	0
IGHV1-69*01	76	99	150	174	0	0
IGHV1-69*02	76	99	150	174	0	0
IGHV1-69*03	76	99	150	174	0	0
IGHV1-7*01	76	99	150	174	0	0
IGHV1-70*01	76	99	150	174	0	0
IGHV1-71*01	76	99	150	174	0	0
IGHV1-71*02	67	90	141	165	0	0
IGHV1-72*01	76	99	150	174	0	0
IGHV1-72*02	76	99	150	174	0	0
IGHV1-72*03	76	99	150	174	0	0
IGHV1-72*04	76	99	150	174	0	0
IGHV1-72*05	76	99	150	174	0	0
IGHV1-74*01	76	99	150	174	0	0
IGHV1-74*02	76	99	150	174	0	0
IGHV1-74*03	76	99	150	174	0	0
IGHV1-74*04	76	99	150	174	0	0
IGHV1-75*01	76	99	150	174	0	0
IGHV1-76*01	76	99	150	174	0	0
IGHV1-77*01	76	99	150	174	0	0
IGHV1-78*01	76	99	150	174	0	0
IGHV1-79*01	76	99	150	174	0	0
IGHV1-8*01	76	99	150	174	0	0
IGHV1-80*01	76	99	150	174	0	0
IGHV1-81*01	76	99	150	174	0	0
IGHV1-82*01	76	99	150	174	0	0
IGHV1-83*01	76	99	150	174	0	0
IGHV1-84*01	76	99	150	174	0	0
IGHV1-84*02	76	99	150	174	0	0
IGHV1-85*01	76	99	150	174	0	0
IGHV1-87*01	76	99	150	174	0	0
IGHV1-9*01	76	99	150	174	0	0
IGHV10-1*01	76	99	150	180	0	0
IGHV10-1*02	76	99	150	180	0	0
IGHV10-3*01	76	99	150	180	0	0
IGHV10-3*02	76	99	150	180	0	0
IGHV10-3*03	76	99	150	180	0	0
IGHV10S3*01	76	99	150	180	0	0
IGHV10S4*01	76	99	150	180	0	0
IGHV11-1*01	76	99	150	174	0	0
IGHV11-1*02	76	99	150	174	0	0
IGHV11-2*01	76	99	150	174	0	0
IGHV11-2*02	76	99	150	174	0	0
IGHV12-1*01	76	105	156	177	0	0
IGHV12-1*02	76	105	156	177	0	0
IGHV12-1-1*01	76	105	156	177	0	0
IGHV12-1-2*01	76	105	156	177	0	0
IGHV12-2*01	76	105	156	177	0	0
IGHV12-2-1*01	76	105	156	177	0	0
IGHV12-3*01	76	102	153	174	0	0
IGHV12-3*02	76	102	153	174	0	0
IGHV13-1*01	76	99	150	180	0	0
IGHV13-1*02	76	99	150	180	0	0
IGHV13-2*01	76	99	150	180	0	0
IGHV13-2*02	76	99	150	180	0	0
IGHV13-2*03	76	99	150	180	0	0
IGHV14-1*01	76	99	150	174	0	0
IGHV14-1*02	76	99	150	174	0	0
IGHV14-2*01	76	99	150	174	0	0
IGHV14-2*02	76	99	150	174	0	0
IGHV14-3*01	76	99	150	174	0	0
IGHV14-3*02	76	99	150	174	0	0
IGHV14-4*01	76	99	150	174	0	0
IGHV14-4*02	76	99	150	174	0	0
IGHV14S4*01	73	96	147	171	0	0
IGHV15-2*01	76	102	153	177	0	0
IGHV15-2*02	76	102	153	177	0	0
IGHV16-1*01	76	102	153	177	0	0
IGHV1S10*01	76	99	150	174	0	0
IGHV1S10*02	76	99	150	174	0	0
IGHV1S100*01	76	99	150	174	0	0
IGHV1S101*01	76	99	150	174	0	0
IGHV1S101*02	76	99	150	174	0	0
IGHV1S103*01	76	99	150	174	0	0
IGHV1S107*01	76	99	150	174	0	0
IGHV1S108*01	76	99	150	174	0	0
IGHV1S11*01	76	99	150	174	0	0
IGHV1S110*01	76	99	150	174	0	0
IGHV1S111*01	76	99	150	174	0	0
IGHV1S112*01	76	99	150	174	0	0
IGHV1S112*02	76	99	150	174	0	0
IGHV1S113*01	76	99	150	174	0	0
IGHV1S113*02	76	99	150	174	0	0
IGHV1S118*01	76	99	150	174	0	0
IGHV1S12*01	76	99	150	174	0	0
IGHV1S120*01	76	99	150	174	0	0
IGHV1S120*02	76	99	150	174	0	0
IGHV1S121*01	76	99	150	174	0	0
IGHV1S122*01	76	99	150	174	0	0
IGHV1S124*01	76	99	150	174	0	0
IGHV1S126*01	76	99	150	174	0	0
IGHV1S127*01	76	99	150	174	0	0
IGHV1S130*01	76	99	150	174	0	0
IGHV1S132*01	76	99	150	174	0	0
IGHV1S134*01	76	99	150	174	0	0
IGHV1S135*01	76	99	150	174	0	0
IGHV1S136*01	76	99	150	174	0	0
IGHV1S137*01	76	99	150	174	0	0
IGHV1S14*01	76	99	150	174	0	0
IGHV1S15*01	76	99	150	174	0	0
IGHV1S16*01	76	99	150	174	0	0
IGHV1S17*01	76	99	150	174	0	0
IGHV1S18*01	76	99	150	174	0	0
IGHV1S19*01	76	99	150	174	0	0
IGHV1S20*01	33	56	107	131	0	0
IGHV1S20*02	31	54	105	129	0	0
IGHV1S21*01	33	56	107	131	0	0
IGHV1S21*02	31	54	105	129	0	0
IGHV1S22*01	67	90	141	165	0	0
IGHV1S26*01	76	99	150	174	0	0
IGHV1S28*01	76	99	150	174	0	0
IGHV1S29*01	76	99	150	174	0	0
IGHV1S29*02	76	99	150	174	0	0
IGHV1S30*01	76	99	150	174	0	0
IGHV1S30*02	67	90	141	165	0	0
IGHV1S31*01	67	90	141	165	0	0
IGHV1S32*01	67	90	141	165	0	0
IGHV1S33*01	67	90	141	165	0	0
IGHV1S34*01	48	71	122	146	0	0
IGHV1S35*01	76	99	150	174	0	0
IGHV1S36*01	76	99	150	174	0	0
IGHV1S36*02	76	99	150	174	0	0
IGHV1S37*01	67	90	141	165	0	0
IGHV1S40*01	76	99	150	174	0	0
IGHV1S41*01	49	72	123	147	0	0
IGHV1S44*01	76	99	150	174	0	0
IGHV1S45*01	76	99	150	174	0	0
IGHV1S46*01	76	99	150	174	0	0
IGHV1S47*01	76	99	150	174	0	0
IGHV1S49*01	76	99	150	174	0	0
IGHV1S5*01	76	99	150	174	0	0
IGHV1S50*01	76	99	150	174	0	0
IGHV1S51*01	76	99	150	174	0	0
IGHV1S52*01	76	99	150	174	0	0
IGHV1S53*01	76	99	150	174	0	0
IGHV1S53*02	76	99	150	174	0	0
IGHV1S53*03	76	99	150	174	0	0
IGHV1S55*01	76	99	150	174	0	0
IGHV1S56*01	76	99	150	174	0	0
IGHV1S61*01	76	99	150	174	0	0
IGHV1S65*01	76	99	150	174	0	0
IGHV1S65*02	76	99	150	174	0	0
IGHV1S65*03	76	99	150	174	0	0
IGHV1S67*01	76	99	150	174	0	0
IGHV1S67*02	76	99	150	174	0	0
IGHV1S68*01	76	99	150	174	0	0
IGHV1S68*02	76	99	150	174	0	0
IGHV1S70*01	76	99	150	174	0	0
IGHV1S72*01	76	99	150	174	0	0
IGHV1S73*01	76	99	150	174	0	0
IGHV1S74*01	76	99	150	174	0	0
IGHV1S75*01	76	99	150	174	0	0
IGHV1S75*02	76	99	150	174	0	0
IGHV1S78*01	76	99	150	174	0	0
IGHV1S81*01	76	99	150	174	0	0
IGHV1S81*02	76	99	150	174	0	0
IGHV1S82*01	76	99	150	174	0	0
IGHV1S83*01	76	99	150	174	0	0
IGHV1S84*01	76	99	150	174	0	0
IGHV1S87*01	76	99	150	174	0	0
IGHV1S9*01	76	99	150	174	0	0
IGHV1S92*01	76	99	150	174	0	0
IGHV1S95*01	76	99	150	174	0	0
IGHV1S96*01	76	99	150	171	0	0
IGHV2-2*01	76	99	150	171	0	0
IGHV2-2*02	76	99	150	171	0	0
IGHV2-2*03	76	99	150	171	0	0
IGHV2-2-1*01	76	99	150	171	0	0
IGHV2-2-2*01	76	99	150	171	0	0
IGHV2-3*01	76	99	150	171	0	0
IGHV2-3-1*01	76	99	150	171	0	0
IGHV2-4*01	76	99	150	171	0	0
IGHV2-4*02	76	99	150	171	0	0
IGHV2-4-1*01	76	99	150	171	0	0
IGHV2-5*01	76	99	150	171	0	0
IGHV2-5-1*01	76	99	150	171	0	0
IGHV2-6*01	76	99	150	171	0	0
IGHV2-6*02	76	99	150	171	0	0
IGHV2-6*03	76	99	150	171	0	0
IGHV2-6-1*01	76	99	150	171	0	0
IGHV2-6-2*01	76	99	150	171	0	0
IGHV2-6-3*01	73	96	147	168	0	0
IGHV2-6-4*01	76	99	150	171	0	0
IGHV2-6-5*01	76	99	150	171	0	0
IGHV2-6-6*01	76	99	150	171	0	0
IGHV2-6-7*01	76	99	150	171	0	0
IGHV2-6-7*02	76	99	150	171	0	0
IGHV2-6-8*01	76	99	150	171	0	0
IGHV2-7*01	76	99	150	171	0	0
IGHV2-9*01	76	99	150	171	0	0
IGHV2-9*02	76	99	150	171	0	0
IGHV2-9-1*01	76	99	150	171	0	0
IGHV2-9-2*01	76	99	150	171	0	0
IGHV2S3*01	76	99	150	171	0	0
IGHV3-1*01	76	102	153	174	0	0
IGHV3-1*02	76	102	153	174	0	0
IGHV3-2*02	76	102	153	174	0	0
IGHV3-3*01	76	102	153	174	0	0
IGHV3-3*02	76	102	153	174	0	0
IGHV3-3*03	0	0	5	26	0	0
IGHV3-4*01	76	105	156	177	0	0
IGHV3-4*02	76	105	156	177	0	0
IGHV3-5*01	76	105	156	177	0	0
IGHV3-5*02	76	105	156	177	0	0
IGHV3-6*01	76	102	153	174	0	0
IGHV3-6*02	76	102	153	174	0	0
IGHV3-6*03	76	102	153	174	0	0
IGHV3-7*01	76	102	153	174	0	0
IGHV3-7*02	76	102	153	174	0	0
IGHV3-8*01	76	99	150	171	0	0
IGHV3-8*02	76	99	150	171	0	0
IGHV3S1*01	76	99	150	171	0	0
IGHV3S1*02	76	99	150	171	0	0
IGHV3S7*01	76	99	150	171	0	0
IGHV4-1*01	76	99	150	174	0	0
IGHV4-1*02	76	99	150	174	0	0
IGHV4-2*01	76	99	150	174	0	0
IGHV4-2*02	76	99	150	174	0	0
IGHV5-1*01	76	99	150	174	0	0
IGHV5-1*02	76	99	150	174	0	0
IGHV5-12*01	76	99	150	174	0	0
IGHV5-12*02	76	99	150	174	0	0
IGHV5-12*03	76	99	150	174	0	0
IGHV5-12-1*01	76	99	150	174	0	0
IGHV5-12-2*01	76	99	150	174	0	0
IGHV5-12-2*02	43	66	117	141	0	0
IGHV5-12-4*01	76	99	150	174	0	0
IGHV5-15*01	76	99	150	174	0	0
IGHV5-15*02	76	99	150	174	0	0
IGHV5-15*03	43	66	117	141	0	0
IGHV5-15*04	76	99	150	174	0	0
IGHV5-15*05	76	99	150	174	0	0
IGHV5-16*01	76	99	150	174	0	0
IGHV5-16*02	76	99	150	174	0	0
IGHV5-17*01	76	99	150	174	0	0
IGHV5-17*02	76	99	150	174	0	0
IGHV5-17*03	76	99	150	174	0	0
IGHV5-2*01	76	99	150	174	0	0
IGHV5-2*02	76	99	150	174	0	0
IGHV5-2*03	76	99	150	174	0	0
IGHV5-21*01	76	99	150	174	0	0
IGHV5-4*01	76	99	150	174	0	0
IGHV5-4*02	76	99	150	174	0	0
IGHV5-4*03	76	99	150	174	0	0
IGHV5-6*01	76	99	150	174	0	0
IGHV5-6*02	76	99	150	174	0	0
IGHV5-6*03	76	99	150	174	0	0
IGHV5-6-1*01	76	99	150	174	0	0
IGHV5-6-2*01	76	99	150	174	0	0
IGHV5-6-2*02	43	66	117	141	0	0
IGHV5-6-3*01	76	99	150	174	0	0
IGHV5-6-3*02	10	33	84	108	0	0
IGHV5-6-4*01	76	99	150	174	0	0
IGHV5-6-4*02	76	99	150	174	0	0
IGHV5-6-5*01	76	99	150	171	0	0
IGHV5-6-6*01	76	99	150	174	0	0
IGHV5-9*01	76	99	150	174	0	0
IGHV5-9*02	76	99	150	174	0	0
IGHV5-9*03	76	99	150	174	0	0
IGHV5-9*04	76	99	150	174	0	0
IGHV5-9-1*01	76	99	150	174	0	0
IGHV5-9-1*02	76	99	150	174	0	0
IGHV5-9-2*01	76	99	150	174	0	0
IGHV5-9-3*01	76	99	150	174	0	0
IGHV5-9-4*01	76	99	150	174	0	0
IGHV5-9-5*01	76	99	150	174	0	0
IGHV5S12*01	49	72	123	144	0	0
IGHV5S21*01	76	99	150	174	0	0
IGHV5S24*01	76	99	150	174	0	0
IGHV5S4*01	76	99	150	174	0	0
IGHV5S4*02	76	99	150	174	0	0
IGHV5S9*01	76	99	150	174	0	0
IGHV6-3*01	76	99	150	180	0	0
IGHV6-3*02	76	99	150	180	0	0
IGHV6-3*03	76	99	150	180	0	0
IGHV6-4*01	76	99	150	180	0	0
IGHV6-4*02	76	99	150	180	0	0
IGHV6-5*01	76	99	150	180	0	0
IGHV6-5*02	76	99	150	180	0	0
IGHV6-6*01	76	99	150	180	0	0
IGHV6-6*02	76	99	150	180	0	0
IGHV6-7*01	76	99	150	180	0	0
IGHV6-7*02	76	99	150	180	0	0
IGHV6S2*01	76	99	150	165	0	0
IGHV6S3*01	76	99	150	165	0	0
IGHV6S4*01	61	84	135	165	0	0
IGHV7-1*01	76	99	150	180	0	0
IGHV7-1*02	76	99	150	180	0	0
IGHV7-1*03	76	99	150	180	0	0
IGHV7-2*01	76	99	150	180	0	0
IGHV7-3*01	76	99	150	180	0	0
IGHV7-3*02	76	99	150	180	0	0
IGHV7-3*03	76	99	150	180	0	0
IGHV7-3*04	76	99	150	180	0	0
IGHV7-4*01	76	99	150	180	0	0
IGHV7-4*02	76	99	150	180	0	0
IGHV7-4*03	76	99	150	180	0	0
IGHV7-4*04	76	99	150	180	0	0
IGHV8-10*01	76	105	156	177	0	0
IGHV8-11*01	76	105	156	177	0	0
IGHV8-12*01	76	105	156	177	0	0
IGHV8-13*01	76	105	156	177	0	0
IGHV8-14*01	76	105	156	177	0	0
IGHV8-2*01	76	105	156	174	0	0
IGHV8-4*01	76	105	156	177	0	0
IGHV8-5*01	76	105	156	177	0	0
IGHV8-5*02	76	105	156	177	0	0
IGHV8-6*01	76	105	156	177	0	0
IGHV8-7*01	76	105	156	177	0	0
IGHV8-8*01	76	105	156	177	0	0
IGHV8-8*02	76	105	156	177	0	0
IGHV8-8-1*01	76	105	156	177	0	0
IGHV8-9*01	76	105	156	177	0	0
IGHV8-9*02	76	105	156	177	0	0
IGHV8-9*03	76	105	156	177	0	0
IGHV8S2*01	76	105	156	177	0	0
IGHV8S6*01	76	105	156	177	0	0
IGHV8S9*01	76	105	156	177	0	0
IGHV9-1*01	76	99	150	174	0	0
IGHV9-1*02	76	99	150	174	0	0
IGHV9-1*03	76	99	150	174	0	0
IGHV9-1*04	76	99	150	174	0	0
IGHV9-2*01	76	99	150	174	0	0
IGHV9-2*02	76	99	150	174	0	0
IGHV9-2-1*01	76	99	150	174	0	0
IGHV9-3*01	76	99	150	174	0	0
IGHV9-3*02	76	99	150	174	0	0
IGHV9-3*03	76	99	150	174	0	0
IGHV9-3-1*01	76	99	150	174	0	0
IGHV9-4*01	76	99	150	174	0	0
IGHV9-4*02	76	99	150	174	0	0
IGHV9-4*03	68	91	142	166	0	0
IGHV9S7*01	72	95	146	170	0	0
IGHV9S8*01	76	99	150	174	0	0
hVH1-2*02_X62106	76	99	150	174	0	0
STANDARD	76	99	150	174	0	0
