IGHV7-4*01	91	105	148	204	301	306
IGHV5-6-5*01	91	105	148	195	292	293
IGHV1S100*01	91	105	148	198	0	0
IGHV8S6*01	91	111	154	201	0	0
IGHV14-3*01	91	105	148	198	0	0
IGHV5-15*05	91	105	148	198	295	296
IGHV1S28*01	91	105	148	198	0	0
IGHV8-13*01	91	111	154	201	298	301
IGHV8S1*01	91	108	150	198	294	296
IGHV5S12*01	64	78	121	168	0	0
IGHV1-54*02	91	105	148	198	0	0
IGHV1-18*02	91	105	148	198	0	0
IGHV1S45*01	91	105	148	198	0	0
IGHV1-44*01	91	105	149	199	0	0
IGHV1-62-2*01	91	105	148	198	295	302
IGHV1-12*01	91	105	148	198	0	0
IGHV1S67*02	91	105	148	198	0	0
IGHV1-50*01	91	105	148	198	0	0
IGHV6-1*02	0	0	0	0	0	0
IGHV1S12*01	91	105	148	198	0	0
IGHV8-1*01	91	105	148	198	284	291
IGHV9-3*03	91	105	148	198	0	0
IGHV5S24*01	91	105	148	198	295	297
IGHV5-12-3*01	91	105	148	197	294	295
IGHV1-80*01	91	105	148	198	0	0
IGHV5-2*01	91	105	148	198	295	296
IGHV11-2*01	91	105	148	198	295	296
IGHV3-4*02	91	111	154	201	298	299
IGHV1S65*01	91	105	148	198	0	0
IGHV1S9*01	91	105	148	198	0	0
IGHV1-20*01	91	105	148	198	0	0
IGHV5-10*01	0	0	0	0	0	0
IGHV5-15*03	58	72	115	165	0	0
IGHV5-15*02	91	105	148	198	295	296
IGHV6-2*02	80	94	137	187	284	291
IGHV10-1*01	91	105	148	204	301	302
IGHV13-2*02	91	105	148	204	301	302
IGHV(II)-3*01	91	105	148	194	290	291
IGHV1-51*01	91	105	148	198	295	300
IGHV1-55*01	91	105	148	198	0	0
IGHV1-78*01	91	105	148	198	0	0
IGHV1-85*01	91	105	148	198	0	0
IGHV8S9*01	91	111	154	201	0	0
IGHV10S4*01	91	105	148	204	0	0
IGHV3-6*01	91	108	151	198	295	296
IGHV1-24*01	91	105	148	198	0	0
IGHV5-13*02	0	0	0	0	0	0
IGHV3-7*02	91	108	151	198	293	296
IGHV10-3*02	91	105	148	204	301	302
IGHV13-1*02	91	105	148	204	294	304
IGHV1-62-3*01	91	105	148	198	0	0
IGHV2-8*02	89	103	146	193	290	293
IGHV1S32*01	82	96	139	189	0	0
IGHV1-32*01	91	105	148	198	0	0
IGHV8-9*03	91	111	154	201	0	0
IGHV1S132*01	91	105	148	198	0	0
IGHV(III)-2*01	90	103	145	192	282	288
IGHV2-6-6*01	91	105	148	195	292	293
IGHV15-1*02	97	114	145	195	277	291
IGHV1-76*01	91	105	148	198	0	0
IGHV1-75*01	91	105	148	198	0	0
IGHV1-35*02	91	105	148	198	294	294
IGHV1-1*01	91	105	148	198	288	294
IGHV5-6-6*01	91	105	148	198	0	0
IGHV1S22*01	82	96	139	189	0	0
IGHV15-2*02	91	108	151	201	0	0
IGHV7-1*02	91	105	148	204	301	306
IGHV1S30*02	82	96	139	189	0	0
IGHV8-7*01	91	111	154	201	0	0
IGHV1-4*01	91	105	148	198	0	0
IGHV(III)-6*01	91	101	140	189	287	288
IGHV1S20*01	48	62	105	155	0	0
IGHV1S10*01	91	105	148	198	0	0
IGHV(II)-4*01	91	105	148	194	289	290
IGHV14-4*02	91	105	148	198	0	0
IGHV1-67*01	91	105	148	198	0	0
IGHV10-1*02	91	105	148	204	301	302
IGHV1-48*01	91	105	148	198	0	0
IGHV2-5-1*01	91	105	148	195	292	293
IGHV1S121*01	91	105	148	198	0	0
IGHV1S110*01	91	105	148	198	0	0
IGHV12-2*01	91	111	154	201	290	305
IGHV1S96*01	91	105	148	195	0	0
IGHV2-4-1*01	91	105	148	195	292	293
IGHV1S46*01	91	105	148	198	295	295
IGHV(II)-5*01	89	103	146	192	287	288
IGHV1-83*01	91	105	148	198	0	0
IGHV5-2*03	91	105	148	198	295	297
IGHV1-64*01	91	105	148	198	0	0
IGHV5S4*01	91	105	148	198	0	0
IGHV2-6-4*01	91	105	148	195	292	293
IGHV7-1*03	91	105	148	204	301	306
IGHV5-6-4*02	91	105	148	198	0	0
IGHV1-17-1*01	91	105	148	198	0	0
IGHV2-6-1*01	91	105	148	195	292	293
IGHV1-69*03	91	105	148	198	0	0
IGHV8-5*02	91	111	154	201	0	0
IGHV5-11*01	79	93	136	186	0	0
IGHV10S5*01	90	104	147	203	298	299
IGHV9-4*02	91	105	148	198	0	0
IGHV5-16*01	91	105	148	198	295	296
IGHV1S74*01	91	105	148	198	0	0
IGHV1-82*01	91	105	148	198	0	0
IGHV1-72*01	91	105	148	198	0	0
IGHV1S53*03	91	105	148	198	0	0
IGHV1S101*01	91	105	148	198	0	0
IGHV1-72*03	91	105	148	198	0	0
IGHV16-1*01	94	108	151	201	298	299
IGHV2-5*01	91	105	148	195	292	293
IGHV7-4*04	91	105	148	204	301	306
IGHV15-1*01	98	114	145	195	277	291
IGHV3-5*02	91	111	154	201	298	299
IGHV1S67*01	91	105	148	198	0	0
IGHV6-7*01	91	105	148	204	0	0
IGHV1-3*01	91	105	148	198	257	302
IGHV1S111*01	91	105	148	198	0	0
IGHV1-87*01	91	105	148	198	293	294
IGHV12-1-2*01	91	111	154	201	298	305
IGHV2-4*02	91	105	148	195	292	293
IGHV12-3*01	91	108	151	198	295	300
IGHV5-9-1*01	91	105	148	198	0	0
IGHV1-66*01	91	105	148	198	0	0
IGHV1S19*01	91	105	148	198	294	294
IGHV5-8*01	89	103	146	196	0	0
IGHV1-13*01	91	105	148	198	289	294
IGHV3-3*03	0	0	3	50	147	148
IGHV1-17*01	90	104	147	197	0	0
IGHV1S113*01	91	105	148	198	0	0
IGHV1-14*01	91	105	148	198	0	0
IGHV1-43*01	91	105	148	198	0	0
IGHV1-15*01	91	105	148	198	0	0
IGHV1-7*01	91	105	148	198	0	0
IGHV6-3*03	91	105	148	204	0	0
IGHV(III)-1*01	101	115	158	205	292	301
IGHV(II)-2*01	102	116	159	205	300	301
IGHV5-12-2*02	58	72	115	165	262	263
IGHV8-12*01	91	111	154	201	298	301
IGHV12-2-1*01	91	111	154	201	298	305
IGHV5-9*01	91	105	148	198	295	296
IGHV1S70*01	91	105	148	198	0	0
IGHV8-8-1*01	91	111	154	201	298	301
IGHV5-15*04	91	105	148	198	295	297
IGHV8-6*01	91	111	154	201	0	0
IGHV1-42*01	91	105	148	198	0	0
IGHV3-1*01	91	108	151	198	295	296
IGHV1-35*01	91	105	148	198	294	296
IGHV1S36*01	91	105	148	198	0	0
IGHV1S21*01	48	62	105	155	0	0
IGHV1S15*01	91	105	148	198	293	294
IGHV6-6*01	91	105	148	204	0	0
IGHV14-2*01	91	105	148	198	0	0
IGHV1S35*01	91	105	148	198	0	0
IGHV1-74*01	91	105	148	198	0	0
IGHV14-3*02	91	105	148	198	0	0
IGHV1S65*03	91	105	148	198	0	0
IGHV3-7*01	91	108	151	198	293	296
IGHV1-53*01	91	105	148	198	0	0
IGHV1S29*02	91	105	148	198	0	0
IGHV6-4*02	91	105	148	204	0	0
IGHV6-2*01	80	94	137	187	283	290
IGHV1-56*02	91	105	148	198	0	0
IGHV1-20*02	91	105	148	198	0	0
IGHV2-6-2*01	91	105	148	195	292	293
IGHV9-2-1*01	91	105	148	198	0	0
IGHV1-65*01	91	105	147	196	293	293
IGHV6-3*01	91	105	148	204	0	0
IGHV6-4*01	91	105	148	204	0	0
IGHV8-4*01	91	111	154	201	298	301
IGHV3-5*01	91	111	154	201	298	299
IGHV4-2*01	91	105	148	198	295	296
IGHV1-37*01	91	105	148	198	0	0
IGHV9S7*01	87	101	144	194	0	0
IGHV12-2*02	91	119	162	208	305	312
IGHV5-6*03	91	105	148	198	295	297
IGHV1-55*03	91	105	148	198	251	252
IGHV1-45*01	92	106	149	199	0	0
IGHV1S84*01	91	105	148	198	0	0
IGHV5-9*04	91	105	148	198	295	295
IGHV1S17*01	91	105	148	198	0	0
IGHV7-3*02	91	105	148	204	301	304
IGHV9-4*03	83	97	140	190	0	0
IGHV7-2*01	91	105	148	204	301	306
IGHV5-17*02	91	105	148	198	0	0
IGHV2-7*02	0	0	19	66	163	164
IGHV7-4*03	91	105	148	204	301	306
IGHV4-2*02	91	105	148	198	295	296
IGHV(III)-10*01	101	114	157	204	291	295
IGHV1-10*01	91	105	156	206	299	308
IGHV2-6-7*01	91	105	148	195	292	293
IGHV14S4*01	88	102	145	195	0	0
IGHV8-9*01	91	111	154	201	298	301
IGHV2-9*02	91	105	148	195	292	293
IGHV1-26*01	91	105	148	198	0	0
IGHV1S95*01	91	105	148	198	251	252
IGHV3-8*02	91	105	148	195	292	293
IGHV1S34*01	63	77	120	170	0	0
IGHV1-61*01	91	105	148	198	0	0
IGHV1S49*01	91	105	148	198	0	0
IGHV1S65*02	91	105	148	198	0	0
IGHV1-81*01	91	105	148	198	0	0
IGHV1S57*01	90	104	147	197	0	0
IGHV5-11-2*01	91	105	148	198	268	294
IGHV8S2*01	91	111	154	201	298	301
IGHV5-7-1*01	0	0	0	0	0	0
IGHV9-4*01	91	105	148	198	0	0
IGHV1-34*02	91	105	148	198	0	0
IGHV6-3*02	91	105	148	204	0	0
IGHV1S72*01	91	105	148	198	0	0
IGHV1-69*02	91	105	148	198	0	0
IGHV1-31*01	91	105	148	198	0	0
IGHV1S88*01	90	104	147	197	0	0
IGHV3-8*01	91	105	148	195	292	293
IGHV1S113*02	91	105	148	198	0	0
IGHV5-9-1*02	91	105	148	198	0	0
IGHV8-15*01	90	110	153	199	294	299
IGHV1-62*01	90	104	147	197	0	0
IGHV1S78*01	91	105	148	198	0	0
IGHV3-1*02	91	108	151	198	0	0
IGHV1S130*01	91	105	148	198	0	0
IGHV1-77*01	91	105	148	198	0	0
IGHV9-1*03	91	105	148	198	0	0
IGHV2-6-7*02	91	105	148	195	292	293
IGHV1-72*02	91	105	148	198	0	0
IGHV7-4*02	91	105	148	204	301	306
IGHV1S112*01	91	105	148	198	0	0
IGHV1-38*01	90	104	147	197	293	293
IGHV5-10-1*01	0	0	0	0	0	0
IGHV12-1-1*01	91	111	154	201	298	305
IGHV1S120*02	91	105	148	198	0	0
IGHV4-1*02	91	105	148	198	295	296
IGHV1S101*02	91	105	148	198	0	0
IGHV1-74*02	91	105	148	198	0	0
IGHV1S81*01	91	105	148	198	0	0
IGHV1-71*02	82	96	139	189	286	293
IGHV5-4*03	91	105	148	198	295	297
IGHV(III)-8*01	262	276	0	0	0	0
IGHV1-29*01	91	105	143	189	0	0
IGHV(II)-1*01	91	105	148	194	289	290
IGHV10-3*03	91	105	148	204	301	302
IGHV1S92*01	91	105	148	198	251	252
IGHV1-53*03	91	105	148	198	251	252
IGHV1S108*01	91	105	148	198	0	0
IGHV1S73*01	91	105	148	198	0	0
IGHV5-10-2*01	0	0	0	0	0	0
IGHV1S103*01	91	105	148	198	250	253
IGHV1S127*01	91	105	148	198	0	0
IGHV14-1*01	91	105	148	198	0	0
IGHV2-6*02	91	105	148	195	292	293
IGHV12-3*02	91	108	151	198	295	300
IGHV2-7*01	91	105	148	195	292	293
IGHV5-19*02	91	100	140	190	287	288
IGHV1S44*01	91	105	148	198	0	0
IGHV1S47*01	91	105	148	198	0	0
IGHV1-35*03	91	105	148	198	250	254
IGHV5-9*03	91	105	148	198	295	296
IGHV2-4*01	91	105	148	195	292	293
IGHV6S4*01	76	90	133	165	0	0
IGHV3S1*02	91	105	148	195	292	293
IGHV6-7*02	91	105	148	204	0	0
IGHV1-69*01	91	105	148	198	0	0
IGHV9-2*02	91	105	148	198	0	0
IGHV1-84*01	91	105	148	198	0	0
IGHV2-2*02	91	105	148	195	292	293
IGHV11-1*02	91	105	148	198	295	296
IGHV1S18*01	91	105	148	198	0	0
IGHV9-1*04	91	105	148	198	0	0
IGHV1-74*03	91	105	148	198	251	252
IGHV7-3*03	91	105	148	204	299	304
IGHV1S61*01	91	105	148	198	0	0
IGHV6-5*01	91	105	148	204	0	0
IGHV5S4*02	91	105	148	198	295	296
IGHV12-1*01	91	111	154	201	292	305
IGHV(III)-4*01	91	105	148	198	0	0
IGHV1-74*04	91	105	148	198	0	0
IGHV2-3-1*01	91	105	148	195	292	293
IGHV1S53*02	91	105	148	198	0	0
IGHV1-19*01	91	105	148	198	0	0
IGHV5-7-4*01	0	0	0	0	0	0
IGHV1-25*01	91	105	148	198	0	0
IGHV1S75*01	91	105	148	198	0	0
IGHV1S29*01	91	105	148	198	0	0
IGHV5-6-2*01	91	105	148	198	295	296
IGHV2-6*01	91	105	148	195	292	293
IGHV4-1*01	91	105	148	198	0	0
IGHV5S9*01	91	105	148	198	295	296
IGHV1-30*01	91	105	148	198	0	0
IGHV10-2*01	91	105	148	201	288	298
IGHV1-34*01	91	105	148	198	0	0
IGHV6-5*02	91	105	148	204	0	0
IGHV5-13*01	0	0	0	0	0	0
IGHV1-47*01	91	105	148	198	0	0
IGHV3-2*01	91	108	151	197	294	295
IGHV1-19-1*01	91	105	148	198	0	0
IGHV1S55*01	91	105	148	198	0	0
IGHV8-16*01	90	110	153	199	294	299
IGHV1S107*01	91	105	148	198	0	0
IGHV5-12-4*01	91	105	148	198	0	0
IGHV1-46*01	91	105	148	198	292	294
IGHV8-8*02	91	111	154	201	0	0
IGHV2S3*01	91	105	148	195	292	293
IGHV3-3*01	91	108	151	198	295	296
IGHV5-6*01	91	105	148	198	295	296
IGHV1-36*01	91	105	148	198	0	0
IGHV5-7*01	0	0	0	0	0	0
IGHV9-3-1*01	91	105	148	198	0	0
IGHV1S33*01	82	96	139	189	0	0
IGHV5-2*02	91	105	148	198	295	296
IGHV(III)-3*01	90	103	146	193	283	289
IGHV2-9-2*01	91	105	148	195	292	293
IGHV1S37*01	82	96	139	189	0	0
IGHV2-2*03	91	105	148	195	292	293
IGHV1S51*01	91	105	148	198	0	0
IGHV5-12-1*01	91	105	148	198	295	296
IGHV1-42*02	91	105	148	198	0	0
IGHV12S2*01	92	109	152	200	0	0
IGHV2-8*01	97	111	154	201	298	299
IGHV5-21*02	91	105	148	171	0	0
IGHV8-14*01	91	111	154	201	298	301
IGHV1-2*01	94	108	151	201	0	0
IGHV5-6*02	91	105	148	198	295	297
IGHV1-9*01	91	105	148	198	0	0
IGHV1-5*01	91	105	148	198	0	0
IGHV(III)-5*01	91	101	140	189	287	288
IGHV1-42*03	91	105	148	198	0	0
IGHV10-4*01	91	105	148	201	288	299
IGHV1-58*01	91	105	148	198	0	0
IGHV3S1*01	91	105	148	195	292	293
IGHV1S56*01	91	105	148	198	0	0
IGHV1-23*01	91	105	148	198	0	0
IGHV8-1*02	91	105	148	198	284	291
IGHV1-63*01	91	105	148	198	0	0
IGHV8-3*01	99	115	147	194	287	295
IGHV5-1*02	91	105	148	198	295	296
IGHV2-2-1*01	91	105	148	195	292	293
IGHV1-58*02	91	105	148	198	0	0
IGHV5-6-2*02	58	72	115	165	0	0
IGHV5-7-3*01	0	0	0	0	0	0
IGHV1S87*01	91	105	148	198	0	0
IGHV6-6*02	91	105	148	204	0	0
IGHV5-12-2*01	91	105	148	198	295	296
IGHV2-6-3*01	88	102	145	192	289	290
IGHV1-49*01	91	105	148	198	0	0
IGHV6S2*01	91	105	148	165	0	0
IGHV(III)-7*01	78	92	134	180	228	228
IGHV1-68*01	83	95	138	188	279	284
IGHV10S3*01	91	105	148	204	301	302
IGHV5-16*02	91	105	148	198	295	297
IGHV1S81*02	91	105	148	198	0	0
IGHV1S40*01	91	105	148	198	0	0
IGHV5-6-4*01	91	105	148	198	295	296
IGHV14-1*02	91	105	148	198	0	0
IGHV5-9-3*01	91	105	148	198	295	296
IGHV12-1*02	91	111	154	201	297	305
IGHV11-2*02	91	105	148	198	295	296
IGHV1-64*02	91	105	148	198	0	0
IGHV7-2*02	91	105	148	204	301	310
IGHV1S10*02	91	105	148	198	0	0
IGHV2-9-1*01	91	105	148	195	292	293
IGHV15-2*01	91	108	151	201	0	0
IGHV1-28*01	91	105	148	198	0	0
IGHV1-11*01	91	105	148	198	0	0
IGHV1S20*02	46	60	103	153	0	0
IGHV1S134*01	91	105	148	198	0	0
IGHV5-12*03	91	105	148	198	295	297
IGHV2-9*01	91	105	148	195	288	293
IGHV9-3*02	91	105	148	198	0	0
IGHV5-21*01	91	105	148	198	295	296
IGHV9-3*01	91	105	148	198	0	0
IGHV5-18*02	90	104	147	197	271	293
IGHV10-3*01	91	105	148	204	301	301
IGHV1S30*01	91	105	148	198	0	0
IGHV3-4*01	91	111	154	201	298	299
IGHV1-60*01	91	105	148	198	295	300
IGHV(III)-11*01	0	0	0	0	0	0
IGHV1-56*01	91	105	148	198	0	0
IGHV13-1*01	91	105	148	204	295	304
IGHV1-72*05	91	105	148	198	0	0
IGHV2-2-2*01	91	105	148	195	292	293
IGHV1S135*01	91	105	148	198	0	0
IGHV1-4*02	91	105	148	198	0	0
IGHV3-2*02	91	108	151	198	0	0
IGHV9-2*01	91	105	148	198	0	0
IGHV8-11*01	91	111	154	201	298	301
IGHV1S68*02	91	105	148	198	0	0
IGHV1S122*01	91	105	148	198	0	0
IGHV7-3*01	91	105	148	204	301	304
IGHV1-53*02	91	105	148	198	0	0
IGHV1S118*01	91	105	148	198	0	0
IGHV2-1*02	91	105	0	0	0	0
IGHV5-5-1*01	79	93	136	186	269	282
IGHV1-16*01	91	105	148	198	0	0
IGHV1S68*01	91	105	148	198	0	0
IGHV1-1*02	91	105	148	198	288	291
IGHV5-5*01	91	105	148	198	268	268
IGHV5-11-1*01	79	93	136	186	278	282
IGHV1-41*01	96	110	148	198	0	0
IGHV5-1*01	91	105	148	198	295	296
IGHV1-71*01	91	105	148	198	295	302
IGHV1S31*01	82	96	139	189	0	0
IGHV1S11*01	91	105	148	198	0	0
IGHV2-6-5*01	91	105	148	195	292	293
IGHV6S3*01	91	105	148	165	0	0
IGHV1-33*02	92	106	148	198	0	0
IGHV1S126*01	91	105	148	198	0	0
IGHV2-1*01	91	105	0	0	0	0
IGHV7-1*01	91	105	148	204	301	306
IGHV5-15*01	91	105	148	198	295	296
IGHV1-62-3*02	91	105	148	198	251	252
IGHV1S53*01	91	105	148	198	0	0
IGHV1S82*01	91	105	148	198	0	0
IGHV5S21*01	91	105	148	198	295	297
IGHV1-79*01	91	105	148	198	0	0
IGHV5-12*02	91	105	148	198	295	296
IGHV5-6-1*01	91	105	148	198	295	296
IGHV1-72*04	91	105	148	198	0	0
IGHV1S136*01	91	105	148	198	0	0
IGHV1S50*01	91	105	148	198	0	0
IGHV2-6-8*01	91	105	148	195	292	293
IGHV5-3*01	79	93	136	186	265	265
IGHV1-21*01	91	105	148	198	0	0
IGHV8-2*01	91	108	151	199	295	300
IGHV5-4*02	91	105	148	198	295	296
IGHV1-53*04	91	105	148	198	0	0
IGHV6-1*01	0	0	0	0	0	0
IGHV5-9-2*01	91	105	148	198	295	296
IGHV7-3*04	91	105	148	204	301	304
IGHV5-8-3*01	89	103	146	196	281	292
IGHV1S112*02	91	105	148	198	0	0
IGHV5-17*01	91	105	148	198	0	0
IGHV1-8*01	91	105	148	198	0	0
IGHV1-63*02	91	105	148	198	0	0
IGHV3-3*02	91	108	151	198	295	296
IGHV1-70*01	91	105	148	198	0	0
IGHV1-18*03	91	105	148	198	0	0
IGHV13-2*01	91	105	148	204	301	302
IGHV3-6*02	91	108	151	198	295	296
IGHV1-33*01	91	105	147	197	0	0
IGHV3-6*03	91	108	151	198	0	0
IGHV1S124*01	91	105	148	198	0	0
IGHV11-1*01	91	105	148	198	295	296
IGHV8-9*02	91	111	154	201	287	288
IGHV1-86*01	91	105	148	200	0	0
IGHV3S7*01	91	105	148	195	292	293
IGHV1-39*01	91	105	148	198	0	0
IGHV1-52*01	91	105	148	198	0	0
IGHV5-5*02	91	105	148	198	274	294
IGHV1-57*01	91	105	147	196	0	0
IGHV(III)-9*01	0	0	0	0	0	0
IGHV8-10*01	91	111	154	201	298	301
IGHV8-8*01	91	111	154	201	298	301
IGHV9S8*01	91	105	148	198	0	0
IGHV1-59*01	91	105	148	198	0	0
IGHV9-1*01	91	105	148	198	0	0
IGHV1S14*01	91	105	148	198	0	0
IGHV5-8-1*01	89	103	146	196	281	292
IGHV5-4*01	91	105	148	198	295	296
IGHV1-21-1*01	91	105	148	198	0	0
IGHV9-1*02	91	105	148	198	0	0
IGHV1-55*02	91	105	148	198	0	0
IGHV1S137*01	91	105	148	198	0	0
IGHV5-19*01	102	108	151	201	296	297
IGHV1S5*01	91	105	148	198	0	0
IGHV1S21*02	46	60	103	153	0	0
IGHV1S52*01	91	105	148	198	0	0
IGHV8-5*01	91	111	154	201	298	301
IGHV1-73*01	91	105	148	198	0	0
IGHV5-9*02	91	105	148	198	295	296
IGHV5-6-3*02	25	39	82	132	229	230
IGHV1S83*01	91	105	148	198	0	0
IGHV1-54*03	91	105	148	198	0	0
IGHV1S36*02	91	105	148	198	0	0
IGHV2-2*01	91	105	148	195	292	293
IGHV5-8-2*01	89	103	146	196	279	292
IGHV13-2*03	91	105	148	204	0	0
IGHV14-4*01	91	105	148	198	0	0
IGHV1-40*01	91	105	148	198	0	0
IGHV1S41*01	64	78	121	171	0	0
IGHV1-62-1*01	91	105	148	198	292	294
IGHV1S120*01	91	105	148	198	0	0
IGHV1S26*01	91	105	148	198	0	0
IGHV14-2*02	91	105	148	198	0	0
IGHV5-9-5*01	91	105	148	198	295	296
IGHV6-1-1*01	0	0	0	0	0	0
IGHV1-84*02	91	105	148	198	0	0
IGHV5-7-2*01	0	0	0	0	0	0
IGHV5-9-4*01	91	105	148	198	295	296
IGHV1-27*01	91	105	148	198	294	294
IGHV5-18*01	88	102	145	195	269	296
IGHV1-55*04	91	105	148	198	0	0
IGHV5-6-3*01	91	105	148	198	295	296
IGHV1S75*02	91	105	148	198	0	0
IGHV5-13-1*01	0	0	0	0	0	0
IGHV1-6*01	91	105	148	198	257	293
IGHV1-18*01	91	105	148	198	0	0
IGHV5-17*03	91	105	148	198	294	297
IGHV1-54*01	91	105	148	198	0	0
IGHV1-22*01	91	105	148	198	0	0
IGHV1S16*01	91	105	148	198	293	294
IGHV2-6*03	91	105	148	195	0	0
IGHV5-7-5*01	0	0	0	0	0	0
IGHV5-12*01	91	105	148	198	295	296
IGHV2-3*01	91	105	148	195	292	293
hVH1-2	91	105	148	198	295	296
IGKV2-109*02	70	117	163	183	280	302
IGKV10-96*01	70	102	148	168	265	286
IGKV1-115*01	70	117	163	183	280	302
IGKV9-123*01	70	102	148	168	265	285
IGKV2-116*01	66	95	141	161	258	280
IGKV14-118-2*01	64	96	142	154	247	273
IGKV13-64*01	69	100	146	166	263	285
IGKV12-41*02	70	102	148	168	265	287
IGKV12-42*01	70	102	148	163	249	271
IGKV3-7*01	70	114	160	180	277	299
IGKV4-83*01	70	99	145	165	262	286
IGKV14-130*01	70	102	148	168	265	287
IGKV4-51*01	70	105	151	171	268	292
IGKV9-124*01	70	102	148	168	265	285
IGKV4-55*01	70	99	145	165	262	286
IGKV1-136*01	69	115	161	181	273	298
IGKV2-137*01	70	117	163	183	280	302
IGKV6-d*01	70	102	148	168	265	287
IGKV6-32*02	70	102	148	168	265	287
IGKV10-96*06	70	102	148	168	265	287
IGKV12-46*01	70	102	148	168	265	287
IGKV11-125*01	70	102	148	168	265	287
IGKV1-132*01	70	117	163	183	280	302
IGKV9-129*01	70	102	148	168	265	287
IGKV13-62-1*02	70	102	148	168	201	255
IGKV1-35*01	70	117	163	183	280	302
IGKV4-69*01	70	99	145	165	262	282
IGKV13-84*01	70	102	148	168	265	287
IGKV1-131*01	70	117	163	183	280	302
IGKV6-29*01	70	102	148	168	265	287
IGKV4-74*01	70	105	151	171	268	292
IGKV2-f*01	70	117	163	183	281	302
IGKV8-19*01	70	120	166	186	283	305
IGKV17/OR19-2*01	70	102	148	168	265	287
IGKV2-107*01	58	105	135	154	231	252
IGKV8-31*02	70	119	165	190	287	309
IGKV3-1*01	70	114	160	180	277	299
IGKV1/OR16-1*01	42	90	136	156	252	274
IGKV10-94*01	70	102	148	168	265	287
IGKV2-f*03	70	117	163	183	281	298
IGKV14-126-1*01	64	96	142	162	254	280
IGKV12-49*01	70	102	149	169	219	283
IGKV13-85*02	70	102	148	168	0	0
IGKV12-44*01	70	102	148	168	265	287
IGKV10-94*04	70	102	148	168	265	287
IGKV8-18*01	70	120	166	186	283	310
IGKV19-93*02	70	102	148	168	265	287
IGKV8-21*01	70	120	166	186	283	302
IGKV3-6*01	70	117	163	183	280	868
IGKV13-85*01	70	102	148	168	265	287
IGKV3-2*01	70	114	160	180	277	299
IGKV13-76*01	70	102	148	168	265	287
IGKV5-43*01	70	102	148	168	265	287
IGKV2-93-1*01	73	120	0	0	0	0
IGKV4-61*01	70	99	145	165	262	286
IGKV4-57-1*01	70	105	151	171	268	293
IGKV14-134-1*01	58	90	136	156	249	275
IGKV14-126*02	71	103	149	169	266	288
IGKV2-105*01	70	118	164	184	282	303
IGKV13-80-1*01	70	102	148	168	0	0
IGKV14-126*01	70	102	148	168	265	287
IGKV4-79*01	70	105	151	171	268	292
IGKV8-28*02	70	120	166	186	283	302
IGKV2-137*02	65	112	158	178	278	300
IGKV4-62*01	70	99	145	165	262	286
IGKV8-16*01	70	120	166	186	283	305
IGKV1-135*01	70	117	163	183	280	302
IGKV5-45*01	70	102	148	168	265	287
IGKV4-68*01	70	99	145	165	262	286
IGKV14-100*01	70	102	148	168	265	287
IGKV4-50*01	70	99	145	165	262	286
IGKV3-3*01	70	114	160	180	277	299
IGKV10-96*05	70	102	148	168	265	287
IGKV4-77*01	70	99	145	165	262	286
IGKV13-89-1*01	70	102	143	155	186	242
IGKV9-128*01	70	102	148	168	265	287
IGKV10-94*03	70	102	148	168	265	287
IGKV5-39*01	70	102	148	168	265	287
IGKV6-c*01	70	102	148	168	265	287
IGKV3-5*01	70	114	160	180	277	299
IGKV10-96*02	70	102	148	168	265	287
IGKV9-120*01	70	102	148	168	265	285
IGKV13-78-1*01	70	102	148	166	199	200
IGKV6-20*01	70	102	148	168	265	287
IGKV13-74-1*01	70	102	148	168	0	0
IGKV11-106*01	70	100	146	166	263	285
IGKV2-113*01	70	117	163	183	281	302
IGKV7-33*01	70	120	166	186	283	305
IGKV4-80*01	70	99	145	165	262	282
IGKV16-104*01	70	102	148	168	265	288
IGKV10-94*02	70	102	148	168	265	287
IGKV11-114*01	68	100	145	165	262	284
IGKV6-14*01	70	102	148	168	265	287
IGKV2-a*01	70	117	163	183	280	302
IGKV1-110*01	70	117	163	183	280	302
IGKV6-17*01	70	102	148	168	265	287
IGKV15-101-1*01	0	0	126	146	228	258
IGKV4-53*01	70	105	151	171	268	292
IGKV4-75*01	70	105	151	171	268	292
IGKV8-27*01	70	120	166	186	283	300
IGKV4-70*01	70	99	145	165	262	282
IGKV13-54-1*01	70	102	148	168	201	254
IGKV4-60*01	70	105	151	171	268	292
IGKV13-61-1*01	70	102	148	168	201	254
IGKV8-24*01	70	120	166	186	283	305
IGKV10-95*01	70	102	148	168	265	287
IGKV5-40-1*01	70	102	152	172	198	299
IGKV19-93*01	70	102	148	168	265	287
IGKV8-22*01	70	120	166	191	288	307
IGKV2-109*03	70	117	163	183	280	302
IGKV2-112*02	70	117	163	183	280	301
IGKV12-66*01	71	103	149	169	266	288
IGKV6-32*01	70	102	148	168	265	287
IGKV4-56*01	70	99	145	165	262	286
IGKV13-73-1*01	71	103	148	168	0	0
IGKV8-30*01	70	120	166	186	283	305
IGKV3-12-1*01	70	114	151	171	269	291
IGKV10-96*04	70	102	148	168	265	287
IGKV8-34*01	70	120	166	186	283	305
IGKV12-e*01	70	102	148	168	265	287
IGKV13-64*02	69	101	147	167	264	286
IGKV3-8*01	70	114	161	180	277	299
IGKV1/OR6-1*01	81	128	158	178	274	296
IGKV10-94*07	70	102	148	168	265	287
IGKV2-109*01	70	117	163	183	280	302
IGKV6-15*01	70	102	148	168	265	287
IGKV5-48*01	70	102	148	168	265	287
IGKV20-101-2*01	67	99	145	165	262	282
IGKV13-62-1*01	70	102	148	168	201	254
IGKV4-63*01	70	99	145	165	262	286
IGKV14/OR6-2*01	70	102	148	168	267	289
IGKV8-31*01	70	120	166	191	288	310
IGKV14-118-1*01	70	92	135	155	252	274
IGKV1-122*01	70	117	163	183	280	302
IGKV1/OR19-1*01	68	115	161	181	277	299
IGKV4-86*01	70	99	145	165	262	283
IGKV12-40*01	70	102	148	168	265	287
IGKV10-94*08	70	102	148	168	265	287
IGKV10-96*03	70	102	148	168	265	287
IGKV3-4*01	70	114	160	180	277	299
IGKV10-94*05	70	102	148	168	265	287
IGKV4-91*01	70	105	151	171	268	292
IGKV4-52*01	70	99	145	165	262	286
IGKV17-134*01	70	98	144	164	261	283
IGKV15-101*01	70	102	148	168	265	287
IGKV8-28*01	70	120	166	186	283	305
IGKV6-25*01	70	102	148	168	265	287
IGKV1-117*02	70	117	163	183	280	302
IGKV4-58*01	70	105	151	171	268	292
IGKV17/OR16-3*01	70	102	148	168	265	287
IGKV2-f*02	70	117	163	183	281	302
IGKV12-41*01	70	102	148	168	265	287
IGKV6-23*01	70	102	148	168	265	287
IGKV12-98*01	70	102	148	168	265	287
IGKV2-109*04	70	117	163	183	280	302
IGKV1-133*01	70	117	163	183	280	302
IGKV8-23-1*01	49	99	145	165	262	284
IGKV17-127*01	70	102	148	168	265	287
IGKV13-82*01	70	102	148	168	265	286
IGKV15-103*01	70	102	148	168	265	287
IGKV4-71*01	70	99	145	165	262	286
IGKV14/OR16-2*01	64	96	142	162	259	281
IGKV12-67*01	71	103	149	169	266	288
IGKV4-65*01	70	105	151	171	267	291
IGKV4-90*01	70	99	145	165	262	285
IGKV3-11*01	70	117	163	183	280	868
IGKV4-72*01	70	99	145	165	262	286
IGKV6-b*01	70	102	148	168	265	287
IGKV4-54*01	70	99	145	165	262	286
IGKV3-9*01	70	114	160	180	277	299
IGKV2-95-1*01	73	120	165	174	0	0
IGKV1-108*01	66	113	160	180	277	299
IGKV14/OR6-3*01	70	103	146	166	263	285
IGKV8-26*01	70	120	166	186	283	311
IGKV1-117*01	70	117	163	183	280	302
IGKV4-92*01	70	105	151	171	268	291
IGKV13-56-1*01	80	112	157	177	0	0
IGKV2-112*01	70	117	163	183	280	300
IGKV9-119*01	70	102	148	168	265	287
IGKV14-111*01	70	102	148	168	265	287
IGKV15-97*01	70	102	148	168	253	273
IGKV13-85*03	70	102	148	168	0	0
IGKV3-10*01	70	114	160	180	277	299
IGKV12-47*01	70	102	148	168	265	275
IGKV6-13*01	70	102	148	168	265	285
IGKV1-88*01	70	117	163	183	280	302
IGKV12-38*01	70	102	148	168	265	287
IGKV11-118*01	71	102	148	168	264	286
IGKV17-121*01	70	102	148	168	265	287
IGKV13-55-1*01	70	102	148	168	201	254
IGKV18-36*01	70	102	148	168	265	287
IGKV2-95-2*01	73	120	0	0	0	0
IGKV10-94*06	70	102	148	168	265	287
IGKV5-37*01	70	102	148	168	265	287
IGKV1-110*02	70	117	163	183	280	302
IGKV13-87*01	70	102	148	168	264	286
IGKV4-73*01	70	105	151	171	268	292
IGKV12-89*01	70	102	148	168	265	287
IGKV4-57*01	70	99	145	165	262	286
IGKV3-12*01	70	114	160	180	277	299
IGKV13-57-1*01	70	102	148	168	201	250
IGKV1-99*01	70	117	163	183	280	302
IGKV4-59*01	70	99	145	165	262	286
IGKV13-57-2*01	67	99	145	165	262	278
IGKV15-102*01	70	102	148	168	265	287
IGKV4-81*01	70	105	151	171	268	292
IGKV13-71-1*01	70	102	148	168	181	232
IGKV4-78*01	70	105	151	171	268	292
IGLV1*01	67	108	154	174	271	294
IGLV2*01	67	108	154	174	271	294
IGLV7*02	57	95	141	161	0	0
IGLV2*02	67	108	154	174	271	294
IGLV4*02	57	95	141	161	0	0
IGLV5*01	57	95	141	161	0	0
IGLV8*02	57	95	141	161	0	0
IGLV8*01	57	95	141	161	0	0
IGLV7*01	57	95	141	161	0	0
IGLV6*01	57	95	141	161	0	0
IGLV3*01	67	102	160	180	277	313
IGLV3*01	67	102	160	180	277	309
IGLV4*01	57	95	141	161	0	0
IGLV4*01	57	95	141	161	0	0
IGLV1*02	67	108	154	174	271	294
IGLV2*01	67	108	154	174	271	294
IGLV6*02	57	95	141	161	0	0
IGLV6*03	57	95	141	161	0	0
IGLV8*01	57	95	141	161	0	0